-0.2201435333779792 0.9583298225620752 0.0
-0.22316270237951472 0.9576313435762581 0.0
-0.22617969224972298 0.9569235090875727 0.0
-0.2291944744984616 0.956206325773018 0.0
-0.23220702065529614 0.9554798003933062 0.0
-0.23521730226972687 0.9547439397928095 0.0
-0.23822529091141545 0.9539987508995063 0.0
-0.24123095817041093 0.9532442407249268 0.0
-0.24423427565737635 0.9524804163640981 0.0
-0.24723521500381485 0.951707284995489 0.0
-0.2502337478622958 0.9509248538809543 0.0
-0.2532298459066805 0.9501331303656781 0.0
-0.25622348083234836 0.9493321218781173 0.0
-0.25921462435642234 0.9485218359299445 0.0
-0.2622032482179947 0.94770228011599 0.0
-0.2651893241783523 0.9468734621141829 0.0
-0.26817282402120246 0.9460353896854942 0.0
-0.2711537195528977 0.9451880706738756 0.0
-0.2741319826026609 0.9443315130062004 0.0
-0.27710758502281074 0.9434657246922041 0.0
-0.28008049868898627 0.9425907138244226 0.0
-0.2830506955003717 0.9417064885781312 0.0
-0.28601814737992126 0.9408130572112837 0.0
-0.2889828262745837 0.939910428064449 0.0
-0.29194470415552654 0.9389986095607499 0.0
-0.29490375301836075 0.9380776102057984 0.0
-0.29785994488336437 0.9371474385876326 0.0
-0.3008132517957074 0.9362081033766535 0.0
-0.30376364582567494 0.9352596133255586 0.0
-0.3067110990688917 0.9343019772692789 0.0
-0.30965558364654544 0.933335204124911 0.0
-0.31259707170561024 0.9323593028916523 0.0
-0.31553553541907065 0.9313742826507345 0.0
-0.31847094698614475 0.9303801525653563 0.0
-0.32140327863250706 0.9293769218806152 0.0
-0.32433250261051244 0.9283645999234401 0.0
-0.32725859119941825 0.927343196102523 0.0
-0.33018151670560764 0.9263127199082486 0.0
-0.33310125146281255 0.9252731809126259 0.0
-0.3360177678323357 0.9242245887692181 0.0
-0.33893103820327397 0.9231669532130717 0.0
-0.34184103499273977 0.9221002840606457 0.0
-0.34474773064608427 0.9210245912097392 0.0
-0.3476510976371188 0.9199398846394211 0.0
-0.3505511084683375 0.9188461744099555 0.0
-0.35344773567113846 0.9177434706627309 0.0
-0.3563409518060464 0.9166317836201843 0.0
-0.35923072946293355 0.9155111235857292 0.0
-0.3621170412612418 0.9143815009436803 0.0
-0.3649998598502032 0.9132429261591786 0.0
-0.3678791579090624 0.9120954097781151 0.0
-0.3707549081472968 0.9109389624270561 0.0
-0.3736270833048382 0.9097735948131663 0.0
-0.3764956561522932 0.9085993177241314 0.0
-0.3793605994911645 0.907416142028081 0.0
-0.3822218861540711 0.9062240786735104 0.0
-0.38507948900496897 0.9050231386892023 0.0
-0.38793338093937146 0.9038133331841481 0.0
-0.3907835348845693 0.9025946733474672 0.0
-0.3936299237998513 0.9013671704483295 0.0
-0.39647252067672345 0.9001308358358717 0.0
-0.39931129853913 0.8988856809391192 0.0
-0.4021462304436718 0.897631717266903 0.0
-0.40497728947982686 0.8963689564077783 0.0
-0.40780444877016975 0.8950974100299421 0.0
-0.41062768147059026 0.8938170898811496 0.0
-0.41344696077051346 0.8925280077886318 0.0
-0.41626225989311827 0.8912301756590107 0.0
-0.4190735520955564 0.8899236054782156 0.0
-0.4218808106691713 0.8886083093113966 0.0
-0.4246840089397169 0.8872842993028411 0.0
-0.42748312026757596 0.8859515876758871 0.0
-0.43027811804797844 0.8846101867328358 0.0
-0.43306897571121994 0.8832601088548654 0.0
-0.43585566672287984 0.8819013665019444 0.0
-0.43863816458403904 0.8805339722127427 0.0
-0.44141644283149806 0.8791579386045425 0.0
-0.4441904750379948 0.877773278373151 0.0
-0.4469602348124216 0.8763800042928093 0.0
-0.4497256958000436 0.8749781292161037 0.0
-0.4524868316827152 0.8735676660738745 0.0
-0.45524361617909737 0.8721486278751244 0.0
-0.4579960230448753 0.8707210277069287 0.0
-0.4607440260729745 0.8692848787343419 0.0
-0.4634875990937778 0.8678401942003054 0.0
-0.4662267159753425 0.8663869874255549 0.0
-0.46896135062361555 0.8649252718085262 0.0
-0.47169147698265124 0.8634550608252622 0.0
-0.47441706903482667 0.8619763680293171 0.0
-0.4771381008010578 0.8604892070516622 0.0
-0.47985454634101554 0.8589935916005901 0.0
-0.4825663797533411 0.8574895354616185 0.0
-0.48527357517586195 0.8559770524973935 0.0
-0.4879761067858076 0.8544561566475932 0.0
-0.4906739488000239 0.8529268619288292 0.0
-0.4933670754751889 0.8513891824345488 0.0
-0.4960554611080278 0.8498431323349365 0.0
-0.49873908003552764 0.8482887258768148 0.0
-0.5014179066351521 0.8467259773835444 0.0
-0.504091915325056 0.8451549012549239 0.0
-0.5067610805643 0.8435755119670898 0.0
-0.5094253768530641 0.8419878240724145 0.0
-0.5120847787328626 0.8403918521994049 0.0
-0.5147392607867574 0.8387876110526 0.0
-0.5173887976395726 0.8371751154124686 0.0
-0.5200333639581068 0.8355543801353053 0.0
-0.5226729344513482 0.8339254201531273 0.0
-0.5253074838706869 0.8322882504735706 0.0
-0.527936987010128 0.8306428861797832 0.0
-0.5305614187065052 0.8289893424303216 0.0
-0.5331807538396934 0.827327634459045 0.0
-0.5357949673328215 0.8256577775750075 0.0
-0.5384040341524845 0.823979787162352 0.0
-0.5410079293089566 0.822293678680203 0.0
-0.5436066278564029 0.8205994676625589 0.0
-0.5462001048930917 0.8188971697181822 0.0
-0.5487883355616062 0.8171868005304918 0.0
-0.5513712950490565 0.8154683758574528 0.0
-0.5539489585872912 0.8137419115314675 0.0
-0.5565213014531081 0.8120074234592625 0.0
-0.5590882989684669 0.810264927621781 0.0
-0.5616499265006983 0.808514440074068 0.0
-0.5642061594627172 0.8067559769451601 0.0
-0.5667569733132314 0.804989554437972 0.0
-0.5693023435569535 0.8032151888291839 0.0
-0.5718422457448105 0.8014328964691271 0.0
-0.5743766554741547 0.79964269378167 0.0
-0.5769055483889735 0.7978445972641042 0.0
-0.5794289001800991 0.7960386234870275 0.0
-0.5819466865854184 0.7942247890942296 0.0
-0.5844588833900829 0.7924031108025749 0.0
-0.5869654664267172 0.7905736054018854 0.0
-0.5894664115756294 0.788736289754825 0.0
-0.5919616947650187 0.7868911807967787 0.0
-0.5944512919711861 0.7850382955357368 0.0
-0.5969351792187408 0.7831776510521737 0.0
-0.5994133325808111 0.7813092644989308 0.0
-0.6018857281792505 0.7794331531010937 0.0
-0.6043523421848479 0.7775493341558737 0.0
-0.6068131508175336 0.7756578250324853 0.0
-0.6092681303465888 0.7737586431720248 0.0
-0.6117172570908516 0.7718518060873489 0.0
-0.6141605074189259 0.7699373313629514 0.0
-0.6165978577493879 0.768015236654839 0.0
-0.619029284550993 0.7660855396904088 0.0
-0.6214547643428825 0.764148258268323 0.0
-0.6238742736947913 0.762203410258385 0.0
-0.626287789227253 0.7602510136014122 0.0
-0.6286952876118077 0.7582910863091123 0.0
-0.6310967455712062 0.7563236464639543 0.0
-0.6334921398796177 0.7543487122190434 0.0
-0.6358814473628347 0.7523663017979924 0.0
-0.638264644898478 0.7503764334947931 0.0
-0.6406417094162037 0.7483791256736891 0.0
-0.6430126178979061 0.7463743967690455 0.0
-0.6453773473779241 0.744362265285218 0.0
-0.647735874943246 0.7423427497964253 0.0
-0.6500881777337133 0.7403158689466158 0.0
-0.6524342329422249 0.7382816414493367 0.0
-0.6547740178149425 0.7362400860876032 0.0
-0.6571075096514928 0.7341912217137638 0.0
-0.6594346858051731 0.7321350672493698 0.0
-0.6617555236831527 0.7300716416850394 0.0
-0.6640700007466779 0.728000964080324 0.0
-0.6663780945112749 0.7259230535635752 0.0
-0.6686797825469515 0.7238379293318066 0.0
-0.670975042478401 0.7217456106505611 0.0
-0.6732638519852044 0.7196461168537711 0.0
-0.675546188802032 0.7175394673436248 0.0
-0.6778220307188467 0.7154256815904266 0.0
-0.6800913555811047 0.7133047791324596 0.0
-0.6823541412899571 0.711176779575847 0.0
-0.6846103658024526 0.7090417025944136 0.0
-0.686860007131737 0.706899567929544 0.0
-0.6891030433472556 0.7047503953900456 0.0
-0.6913394525749523 0.7025942048520041 0.0
-0.6935692129974723 0.7004310162586455 0.0
-0.6957923028543609 0.698260849620191 0.0
-0.6980087004422632 0.6960837250137171 0.0
-0.7002183841151249 0.693899662583011 0.0
-0.7024213322843924 0.6917086825384273 0.0
-0.7046175234192105 0.6895108051567441 0.0
-0.7068069360466227 0.6873060507810178 0.0
-0.7089895487517703 0.6850944398204378 0.0
-0.7111653401780902 0.6828759927501815 0.0
-0.7133342890275143 0.6806507301112662 0.0
-0.715496374060667 0.6784186725104038 0.0
-0.7176515740970635 0.6761798406198516 0.0
-0.7197998680153082 0.6739342551772658 0.0
-0.7219412347532901 0.6716819369855513 0.0
-0.7240756533083832 0.6694229069127134 0.0
-0.7262031027376409 0.6671571858917076 0.0
-0.728323562157994 0.6648847949202892 0.0
-0.7304370107464466 0.6626057550608622 0.0
-0.7325434277402736 0.6603200874403279 0.0
-0.7346427924372153 0.6580278132499329 0.0
-0.7367350841956741 0.6557289537451159 0.0
-0.7388202824349094 0.6534235302453552 0.0
-0.740898366635234 0.6511115641340139 0.0
-0.7429693163382078 0.6487930768581868 0.0
-0.7450331111468336 0.6464680899285438 0.0
-0.7470897307257507 0.6441366249191758 0.0
-0.7491391548014308 0.6417987034674375 0.0
-0.7511813631623694 0.6394543472737917 0.0
-0.7532163356592827 0.6371035781016514 0.0
-0.7552440522052982 0.6347464177772214 0.0
-0.75726449277615 0.632382888189341 0.0
-0.7592776374103707 0.6300130112893246 0.0
-0.7612834662094843 0.6276368090908018 0.0
-0.7632819593381985 0.6252543036695578 0.0
-0.7652730970245973 0.6228655171633718 0.0
-0.7672568595603331 0.6204704717718564 0.0
-0.7692332273008167 0.6180691897562958 0.0
-0.7712021806654106 0.6156616934394828 0.0
-0.7731637001376187 0.613248005205556 0.0
-0.7751177662652781 0.6108281474998362 0.0
-0.7770643596607489 0.6084021428286621 0.0
-0.7790034610011043 0.6059700137592253 0.0
-0.780935051028321 0.6035317829194058 0.0
-0.7828591105494688 0.6010874729976048 0.0
-0.7847756204368996 0.5986371067425789 0.0
-0.786684561628437 0.5961807069632726 0.0
-0.7885859151275645 0.5937182965286516 0.0
-0.7904796620036146 0.5912498983675329 0.0
-0.792365783391956 0.5887755354684168 0.0
-0.7942442604941827 0.5862952308793176 0.0
-0.796115074578301 0.5838090077075929 0.0
-0.7979782069789165 0.581316889119774 0.0
-0.7998336390974219 0.5788188983413933 0.0
-0.8016813524021831 0.5763150586568139 0.0
-0.8035213284287255 0.5738053934090557 0.0
-0.8053535487799208 0.5712899259996236 0.0
-0.8071779951261717 0.5687686798883331 0.0
-0.8089946492055983 0.5662416785931375 0.0
-0.8108034928242233 0.5637089456899509 0.0
-0.8126045078561556 0.561170504812475 0.0
-0.8143976762437765 0.5586263796520221 0.0
-0.8161829799979226 0.5560765939573379 0.0
-0.8179604011980703 0.5535211715344261 0.0
-0.81972992199252 0.5509601362463697 0.0
-0.8214915245985774 0.5483935120131525 0.0
-0.8232451913027381 0.5458213228114797 0.0
-0.8249909044608709 0.5432435926746008 0.0
-0.8267286464983967 0.5406603456921257 0.0
-0.8284583999104747 0.5380716060098483 0.0
-0.8301801472621805 0.5354773978295615 0.0
-0.83189387118869 0.5328777454088776 0.0
-0.833599554395458 0.5302726730610446 0.0
-0.835297179658401 0.527662205154764 0.0
-0.8369867298240758 0.5250463661140069 0.0
-0.8386681878098601 0.5224251804178289 0.0
-0.8403415366041322 0.5197986726001864 0.0
-0.8420067592664499 0.5171668672497508 0.0
-0.8436638389277298 0.5145297890097221 0.0
-0.8453127587904242 0.5118874625776422 0.0
-0.8469535021287028 0.5092399127052082 0.0
-0.8485860522886266 0.5065871641980841 0.0
-0.8502103926883274 0.5039292419157126 0.0
-0.8518265068181853 0.5012661707711261 0.0
-0.8534343782410038 0.4985979757307561 0.0
-0.8550339905921878 0.4959246818142449 0.0
-0.8566253275799184 0.4932463140942526 0.0
-0.8582083729853294 0.49056289769626726 0.0
-0.8597831106626819 0.4878744577984117 0.0
-0.8613495245395406 0.48518101963125193 0.0
-0.8629075986169457 0.48248260847760277 0.0
-0.8644573169695895 0.47977924967233504 0.0
-0.8659986637459897 0.4770709686021801 0.0
-0.8675316231686618 0.47435779070553596 0.0
-0.8690561795342935 0.4716397414722705 0.0
-0.870572317213916 0.46891684644352566 0.0
-0.8720800206530768 0.46618913121152117 0.0
-0.8735792743720117 0.4634566214193554 0.0
-0.8750700629658168 0.4607193427608097 0.0
-0.8765523711046183 0.4579773209801474 0.0
-0.8780261835337441 0.4552305818719157 0.0
-0.879491485073894 0.4524791512807461 0.0
-0.8809482606213097 0.4497230551011532 0.0
-0.8823964951479432 0.44696231927733365 0.0
-0.8838361737016273 0.4441969698029645 0.0
-0.8852672814062439 0.44142703272100203 0.0
-0.8866898034618914 0.4386525341234766 0.0
-0.8881037251450541 0.4358735001512912 0.0
-0.8895090318087683 0.4330899569940162 0.0
-0.8909057088827899 0.4303019308896855 0.0
-0.8922937418737611 0.4275094481245898 0.0
-0.893673116365376 0.4247125350330724 0.0
-0.8950438180185473 0.42191121799732123 0.0
-0.8964058325715708 0.4191055234471626 0.0
-0.8977591458402912 0.4162954778598533 0.0
-0.8991037437182652 0.4134811077598716 0.0
-0.9004396121769275 0.4106624397187095 0.0
-0.9017667372657525 0.40783950035466204 0.0
-0.903085105112419 0.4050123163326174 0.0
-0.904394701922972 0.40218091436384673 0.0
-0.905695513981985 0.39934532120579214 0.0
-0.9069875276527227 0.396505563661855 0.0
-0.9082707293773022 0.39366166858118334 0.0
-0.9095451056768526 0.3908136628584586 0.0
-0.9108106431516776 0.3879615734336815 0.0
-0.912067328481414 0.3851054272919584 0.0
-0.9133151484251929 0.38224525146328586 0.0
-0.9145540898217965 0.37938107302233487 0.0
-0.9157841395898184 0.37651291908823464 0.0
-0.9170052847278227 0.37364081682435635 0.0
-0.9182175123144998 0.370764793438095 0.0
-0.9194208095088242 0.3678848761806519 0.0
-0.920615163550213 0.36500109234681594 0.0
-0.9218005617586793 0.3621134692747438 0.0
-0.922976991534991 0.3592220343457409 0.0
-0.9241444403608243 0.3563268149840404 0.0
-0.9253028957989197 0.3534278386565829 0.0
-0.9264523454932355 0.3505251328727933 0.0
-0.9275927771691025 0.3476187251843601 0.0
-0.9287241786333775 0.34470864318501176 0.0
-0.9298465377745951 0.34179491451029353 0.0
-0.9309598425631223 0.3388775668373431 0.0
-0.9320640810513083 0.33595662788466585 0.0
-0.9331592413736374 0.3330321254119102 0.0
-0.9342453117468795 0.33010408721964085 0.0
-0.9353222804702406 0.32717254114911354 0.0
-0.9363901359255123 0.32423751508204623 0.0
-0.937448866577223 0.32129903694039297 0.0
-0.9384984609727847 0.31835713468611493 0.0
-0.939538907742642 0.3154118363209517 0.0
-0.9405701956004217 0.3124631698861913 0.0
-0.9415923133430776 0.3095111634624411 0.0
-0.9426052498510398 0.30655584516939616 0.0
-0.9436089940883592 0.30359724316560843 0.0
-0.9446035351028543 0.3006353856482552 0.0
-0.9455888620262564 0.29767030085290513 0.0
-0.946564964074354 0.2947020170532873 0.0
-0.9475318305471381 0.291730562561056 0.0
-0.9484894508289439 0.28875596572555673 0.0
-0.9494378143885966 0.285778254933592 0.0
-0.9503769107795511 0.2827974586091847 0.0
-0.9513067296400364 0.2798136052133435 0.0
-0.9522272606931966 0.2768267232438246 0.0
-0.9531384937472305 0.27383684123489593 0.0
-0.9540404186955338 0.27084398775709806 0.0
-0.9549330255168386 0.2678481914170068 0.0
-0.9558163042753508 0.2648494808569932 0.0
-0.9566902451208923 0.26184788475498494 0.0
-0.9575548382890359 0.2588434318242252 0.0
-0.9584100741012445 0.25583615081303196 0.0
-0.9592559429650077 0.25282607050455724 0.0
-0.9600924353739794 0.24981321971654494 0.0
-0.9609195419081115 0.24679762730108734 0.0
-0.9617372532337907 0.2437793221443829 0.0
-0.9625455601039736 0.24075833316649206 0.0
-0.9633444533583194 0.23773468932109315 0.0
-0.9641339239233245 0.2347084195952372 0.0
-0.9649139628124553 0.23167955300910242 0.0
-0.9656845611262801 0.22864811861574827 0.0
-0.9664457100526016 0.22561414550086845 0.0
-0.9671974008665876 0.22257766278254404 0.0
-0.9679396249309012 0.21953869961099515 0.0
-0.9686723736958319 0.21649728516833278 0.0
-0.9693956386994241 0.21345344866830976 0.0
-0.9701094115676058 0.21040721935607096 0.0
-0.9708136840143169 0.2073586265079031 0.0
-0.9715084478416373 0.20430769943098429 0.0
-0.9721936949399129 0.20125446746313214 0.0
-0.9728694172878821 0.19819895997255238 0.0
-0.9735356069528023 0.19514120635758592 0.0
-0.9741922560905736 0.19208123604645597 0.0
-0.9748393569458642 0.18901907849701402 0.0
-0.975476901852234 0.18595476319648618 0.0
-0.9761048832322572 0.18288831966121788 0.0
-0.976723293597645 0.17981977743641864 0.0
-0.9773321255493687 0.1767491660959062 0.0
-0.9779313717777778 0.17367651524184965 0.0
-0.9785210250627252 0.1706018545045127 0.0
-0.979101078273682 0.1675252135419959 0.0
-0.979671524369861 0.16444662203997806 0.0
-0.9802323564003326 0.16136610971145807 0.0
-0.9807835675041441 0.15828370629649477 0.0
-0.9813251509104363 0.15519944156194765 0.0
-0.9818570999385607 0.1521133453012159 0.0
-0.9823794079981949 0.14902544733397763 0.0
-0.982892068589458 0.14593577750592765 0.0
-0.9833950753030258 0.14284436568851663 0.0
-0.9838884218202434 0.1397512417786867 0.0
-0.9843721019132405 0.1366564356986089 0.0
-0.9848461094450415 0.13355997739541958 0.0
-0.9853104383696791 0.13046189684095522 0.0
-0.9857650827323057 0.1273622240314882 0.0
-0.9862100366693018 0.12426098898746069 0.0
-0.9866452944083886 0.12115822175321908 0.0
-0.9870708502687348 0.11805395239674674 0.0
-0.9874866986610664 0.1149482110093972 0.0
-0.987892834087774 0.11184102770562634 0.0
-0.9882892511430194 0.10873243262272408 0.0
-0.9886759445128422 0.10562245592054542 0.0
-0.989052908975266 0.10251112778124127 0.0
-0.9894201394004021 0.09939847840898838 0.0
-0.989777630750554 0.0962845380297189 0.0
-0.9901253780803223 0.09316933689084916 0.0
-0.9904633765367044 0.0900529052610084 0.0
-0.9907916213591995 0.08693527342976687 0.0
-0.9911101078799082 0.08381647170736259 0.0
-0.9914188315236332 0.08069653042442856 0.0
-0.9917177878079795 0.07757547993171898 0.0
-0.9920069723434529 0.07445335059983496 0.0
-0.9922863808335585 0.07133017281894996 0.0
-0.9925560090748986 0.06820597699853431 0.0
-0.9928158529572693 0.0650807935670793 0.0
-0.9930659084637565 0.061954652971821234 0.0
-0.9933061716708304 0.05882758567846402 0.0
-0.9935366387484418 0.05569962217090202 0.0
-0.9937573059601142 0.0525707929509423 0.0
-0.993968169663038 0.049441128538026013 0.0
-0.9941692263081622 0.0463106594689493 0.0
-0.9943604724402854 0.04317941629758393 0.0
-0.9945419046981472 0.040047429594597506 0.0
-0.9947135198145186 0.03691472994717243 0.0
-0.9948753146162899 0.03378134795872598 0.0
-0.9950272860245601 0.030647314248627266 0.0
-0.9951694310547241 0.02751265945191622 0.0
-0.9953017468165593 0.024377414219020843 0.0
-0.9954242305143115 0.021241609215473883 0.0
-0.9955368794467809 0.01810527512162982 0.0
-0.9956396910074067 0.014968442632380147 0.0
-0.9957326626843491 0.011831142456869281 0.0
-0.9958157920605736 0.008693405318209446 0.0
-0.9958890768139322 0.00555526195319489 0.0
-0.9959525147172459 0.0024167431120161176 0.0
-0.9960061036383826 -0.0007221204420269078 0.0
-0.9960498415403403 -0.003861297932811536 0.0
-0.9960837264813219 -0.007000758571680199 0.0
-0.9961077566148165 -0.01014047155772807 0.0
-0.9961219301896747 -0.013280406078092138 0.0
-0.9961262455501851 -0.016420531308239478 0.0
-0.9961207011361504 -0.019560816412257348 0.0
-0.9961052954829611 -0.02270123054314227 0.0
-0.9960800272216703 -0.025841742843091514 0.0
-0.9960448950790669 -0.028982322443793368 0.0
-0.9959998978777459 -0.032122938466718376 0.0
-0.9959450345361811 -0.03526356002341144 0.0
-0.9958803040687959 -0.0384041562157843 0.0
-0.9958057055860321 -0.041544696136407544 0.0
-0.9957212382944185 -0.0446851488688047 0.0
-0.9956269014966396 -0.04782548348774543 0.0
-0.9955226945916018 -0.05096566905953978 0.0
-0.9954086170745 -0.05410567464233276 0.0
-0.9952846685368832 -0.057245469286399536 0.0
-0.9951508486667181 -0.060385022034440794 0.0
-0.995007157248453 -0.06352430192187875 0.0
-0.9948535941630814 -0.06666327797715355 0.0
-0.994690159388202 -0.06980191922202023 0.0
-0.9945168529980816 -0.0729401946718459 0.0
-0.9943336751637135 -0.07607807333590769 0.0
-0.9941406261528782 -0.07921552421769021 0.0
-0.9939377063301997 -0.08235251631518534 0.0
-0.9937249161572049 -0.08548901862119043 0.0
-0.9935022561923791 -0.08862500012360816 0.0
-0.9932697270912216 -0.0917604298057462 0.0
-0.9930273296063009 -0.09489527664661779 0.0
-0.9927750645873072 -0.09802950962124228 0.0
-0.9925129329811077 -0.10116309770094668 0.0
-0.9922409358317955 -0.10429600985366688 0.0
-0.9919590742807438 -0.1074282150442499 0.0
-0.9916673495666533 -0.11055968223475632 0.0
-0.9913657630256036 -0.11369038038476305 0.0
-0.9910543160910997 -0.11682027845166665 0.0
-0.9907330102941212 -0.11994934539098712 0.0
-0.9904018472631673 -0.12307755015667168 0.0
-0.9900608287243028 -0.12620486170139966 0.0
-0.9897099565012035 -0.12933124897688725 0.0
-0.9893492325151986 -0.13245668093419197 0.0
-0.9889786587853144 -0.13558112652402 0.0
-0.9885982374283151 -0.1387045546970307 0.0
-0.988207970658745 -0.14182693440414396 0.0
-0.9878078607889678 -0.1449482345968467 0.0
-0.9873979102292046 -0.1480684242275 0.0
-0.9869781214875732 -0.15118747224964696 0.0
-0.9865484971701259 -0.15430534761832065 0.0
-0.9861090399808823 -0.1574220192903521 0.0
-0.9856597527218681 -0.16053745622467946 0.0
-0.9852006382931474 -0.16365162738265707 0.0
-0.9847316996928562 -0.16676450172836457 0.0
-0.9842529400172347 -0.169876048228917 0.0
-0.9837643624606587 -0.17298623585477493 0.0
-0.98326597031567 -0.17609503358005507 0.0
-0.9827577669730045 -0.1792024103828409 0.0
-0.982239755921623 -0.18230833524549434 0.0
-0.9817119407487366 -0.18541277715496718 0.0
-0.981174325139833 -0.1885157051031124 0.0
-0.9806269128787034 -0.19161708808699757 0.0
-0.9800697078474654 -0.1947168951092168 0.0
-0.9795027140265871 -0.19781509517820378 0.0
-0.97892593549491 -0.20091165730854513 0.0
-0.9783393764296691 -0.2040065505212939 0.0
-0.9777430411065144 -0.2070997438442838 0.0
-0.97713693389953 -0.2101912063124432 0.0
-0.9765210592812528 -0.2132809069681099 0.0
-0.9758954218226882 -0.21636881486134582 0.0
-0.9752600261933299 -0.21945489905025262 0.0
-0.9746148771611718 -0.22253912860128688 0.0
-0.9739599795927243 -0.22562147258957602 -0.0
-0.9732953384530267 -0.2287019000992346 -0.0
-0.9726209588056608 -0.23178038022368067 -0.0
-0.9719368458127604 -0.23485688206595248 -0.0
-0.9712430047350228 -0.23793137473902565 -0.0
-0.9705394409317177 -0.24100382736613052 -0.0
-0.9698261598606962 -0.24407420908106936 -0.0
-0.9691031670783959 -0.2471424890285349 -0.0
-0.9683704682398492 -0.25020863636442825 -0.0
-0.9676280690986866 -0.2532726202561772 -0.0
-0.9668759755071429 -0.25633440988305545 -0.0
-0.966114193416058 -0.259393974436501 -0.0
-0.9653427288748802 -0.26245128312043586 -0.0
-0.9645615880316663 -0.26550630515158546 -0.0
-0.9637707771330821 -0.2685590097597986 -0.0
-0.9629703025244012 -0.2716093661883672 -0.0
-0.9621601706495019 -0.274657343694347 -0.0
-0.9613403880508653 -0.27770291154887816 -0.0
-0.9605109613695689 -0.2807460390375054 -0.0
-0.9596718973452832 -0.28378669546049984 -0.0
-0.9588232028162642 -0.2868248501331801 -0.0
-0.9579648847193456 -0.2898604723862334 -0.0
-0.9570969500899306 -0.29289353156603837 -0.0
-0.956219406061982 -0.29592399703498534 -0.0
-0.9553322598680116 -0.2989518381718004 -0.0
-0.9544355188390675 -0.30197702437186663 -0.0
-0.953529190404723 -0.30499952504754746 -0.0
-0.9526132820930598 -0.30801930962850915 -0.0
-0.9516878015306554 -0.31103634756204374 -0.0
-0.9507527564425655 -0.31405060831339293 -0.0
-0.949808154652307 -0.31706206136607096 -0.0
-0.9488540040818391 -0.32007067622218854 -0.0
-0.9478903127515451 -0.3230764224027772 -0.0
-0.9469170887802109 -0.3260792694481125 -0.0
-0.9459343403850028 -0.3290791869180388 -0.0
-0.9449420758814457 -0.3320761443922938 -0.0
-0.9439403036833985 -0.3350701114708331 -0.0
-0.9429290323030299 -0.3380610577741547 -0.0
-0.9419082703507908 -0.3410489529436242 -0.0
-0.9408780265353885 -0.34403376664180013 -0.0
-0.9398383096637581 -0.3470154685527593 -0.0
-0.9387891286410324 -0.3499940283824212 -0.0
-0.9377304924705114 -0.35296941585887537 -0.0
-0.9366624102536315 -0.35594160073270587 -0.0
-0.9355848911899315 -0.3589105527773177 -0.0
-0.9344979445770198 -0.3618762417892629 -0.0
-0.9334015798105378 -0.3648386375885664 -0.0
-0.9322958063841258 -0.3677977100190528 -0.0
-0.9311806338893838 -0.3707534289486727 -0.0
-0.9300560720158336 -0.37370576426982904 -0.0
-0.9289221305508799 -0.3766546858997042 -0.0
-0.9277788193797687 -0.37960016378058675 -0.0
-0.9266261484855457 -0.3825421678801981 -0.0
-0.9254641279490133 -0.38548066819202 -0.0
-0.924292767948687 -0.3884156347356216 -0.0
-0.9231120787607487 -0.39134703755698647 -0.0
-0.9219220707590021 -0.3942748467288403 -0.0
-0.9207227544148238 -0.39719903235097825 -0.0
-0.9195141402971146 -0.4001195645505926 -0.0
-0.9182962390722507 -0.4030364134825998 -0.0
-0.9170690615040311 -0.40594954932996913 -0.0
-0.9158326184536267 -0.4088589423040502 -0.0
-0.9145869208795269 -0.41176456264490024 -0.0
-0.9133319798374838 -0.414666380621613 -0.0
-0.9120678064804579 -0.4175643665326457 -0.0
-0.9107944120585607 -0.42045849070614827 -0.0
-0.9095118079189967 -0.42334872350029024 -0.0
-0.9082200055060045 -0.42623503530358986 -0.0
-0.9069190163607963 -0.42911739653524206 -0.0
-0.9056088521214962 -0.4319957776454464 -0.0
-0.9042895245230785 -0.43487014911573574 -0.0
-0.9029610453973016 -0.4377404814593042 -0.0
-0.9016234266726458 -0.44060674522133614 -0.0
-0.9002766803742458 -0.44346891097933383 -0.0
-0.8989208186238226 -0.4463269493434462 -0.0
-0.8975558536396162 -0.44918083095679756 -0.0
-0.8961817977363153 -0.45203052649581477 -0.0
-0.8947986633249869 -0.4548760066705576 -0.0
-0.8934064629130036 -0.4577172422250457 -0.0
-0.8920052091039697 -0.4605542039375874 -0.0
-0.8905949145976494 -0.4633868626211084 -0.0
-0.8891755921898873 -0.4662151891234797 -0.0
-0.8877472547725352 -0.4690391543278466 -0.0
-0.8863099153333718 -0.47185872915295646 -0.0
-0.8848635869560245 -0.47467388455348725 -0.0
-0.8834082828198886 -0.4774845915203762 -0.0
-0.8819440162000457 -0.4802908210811477 -0.0
-0.8804708004671813 -0.4830925443002412 -0.0
-0.8789886490874999 -0.48588973227934035 -0.0
-0.8774975756226411 -0.48868235615770034 -0.0
-0.8759975937295921 -0.49147038711247615 -0.0
-0.874488717160601 -0.49425379635905076 -0.0
-0.8729709597630873 -0.49703255515136313 -0.0
-0.8714443354795515 -0.4998066347822355 -0.0
-0.8699088583474861 -0.502576006583702 -0.0
-0.8683645424992802 -0.5053406419273357 -0.0
-0.866811402162128 -0.508100512224577 -0.0
-0.8652494516579333 -0.5108555889270605 -0.0
-0.8636787054032135 -0.5136058435269428 -0.0
-0.8620991779090018 -0.5163512475572296 -0.0
-0.8605108837807505 -0.5190917725921033 -0.0
-0.8589138377182288 -0.5218273902472499 -0.0
-0.8573080545154242 -0.5245580721801864 -0.0
-0.8556935490604389 -0.527283790090587 -0.0
-0.8540703363353876 -0.5300045157206108 -0.0
-0.852438431416292 -0.5327202208552276 -0.0
-0.8507978494729758 -0.5354308773225455 -0.0
-0.849148605768957 -0.5381364569941358 -0.0
-0.8474907156613409 -0.5408369317853607 -0.0
-0.8458241946007092 -0.5435322736556987 -0.0
-0.8441490581310108 -0.5462224546090706 -0.0
-0.8424653218894486 -0.5489074466941654 -0.0
-0.840773001606368 -0.5515872220047654 -0.0
-0.8390721131051413 -0.5542617526800732 -0.0
-0.8373626723020526 -0.5569310109050352 -0.0
-0.8356446952061816 -0.5595949689106674 -0.0
-0.8339181979192843 -0.5622535989743807 -0.0
-0.8321831966356756 -0.5649068734203052 -0.0
-0.8304397076421077 -0.567554764619615 -0.0
-0.8286877473176484 -0.5701972449908521 -0.0
-0.8269273321335588 -0.5728342870002512 -0.0
-0.8251584786531692 -0.5754658631620629 -0.0
-0.8233812035317533 -0.5780919460388784 -0.0
-0.8215955235164023 -0.5807125082419516 -0.0
-0.8198014554458958 -0.583327522431524 -0.0
-0.8179990162505747 -0.5859369613171462 -0.0
-0.8161882229522096 -0.5885407976580019 -0.0
-0.8143690926638695 -0.5911390042632301 -0.0
-0.8125416425897896 -0.593731553992247 -0.0
-0.810705890025237 -0.5963184197550684 -0.0
-0.8088618523563753 -0.5988995745126315 -0.0
-0.8070095470601286 -0.6014749912771169 -0.0
-0.8051489917040439 -0.604044643112269 -0.0
-0.8032802039461518 -0.6066085031337178 -0.0
-0.801403201534827 -0.6091665445092992 -0.0
-0.7995180023086462 -0.6117187404593757 -0.0
-0.7976246241962461 -0.6142650642571559 -0.0
-0.795723085216179 -0.616805489229016 -0.0
-0.7938134034767687 -0.6193399887548174 -0.0
-0.7918955971759644 -0.6218685362682271 -0.0
-0.7899696846011903 -0.6243911052570373 -0.0
-0.7880356841292016 -0.6269076692634816 -0.0
-0.7860936142259295 -0.6294182018845567 -0.0
-0.7841434934463346 -0.6319226767723372 -0.0
-0.7821853404342504 -0.6344210676342961 -0.0
-0.7802191739222331 -0.6369133482336193 -0.0
-0.7782450127314038 -0.6393994923895262 -0.0
-0.7762628757712945 -0.6418794739775822 -0.0
-0.7742727820396886 -0.6443532669300182 -0.0
-0.7722747506224646 -0.6468208452360446 -0.0
-0.7702688006934346 -0.6492821829421691 -0.0
-0.7682549515141841 -0.651737254152509 -0.0
-0.7662332224339081 -0.6541860330291092 -0.0
-0.7642036328892504 -0.6566284937922532 -0.0
-0.7621662024041351 -0.6590646107207808 -0.0
-0.7601209505896044 -0.661494358152399 -0.0
-0.7580678971436485 -0.6639177104839961 -0.0
-0.7560070618510377 -0.6663346421719561 -0.0
-0.7539384645831539 -0.6687451277324686 -0.0
-0.7518621252978184 -0.6711491417418435 -0.0
-0.7497780640391197 -0.67354665883682 -0.0
-0.7476863009372409 -0.6759376537148807 -0.0
-0.7455868562082844 -0.6783221011345594 -0.0
-0.7434797501540956 -0.6806999759157546 -0.0
-0.7413650031620875 -0.6830712529400365 -0.0
-0.73924263570506 -0.6854359071509593 -0.0
-0.7371126683410224 -0.6877939135543673 -0.0
-0.7349751217130109 -0.6901452472187066 -0.0
-0.7328300165489081 -0.6924898832753303 -0.0
-0.7306773736612581 -0.6948277969188089 -0.0
-0.7285172139470837 -0.6971589634072346 -0.0
-0.7263495583876992 -0.6994833580625313 -0.0
-0.7241744280485245 -0.7018009562707578 -0.0
-0.7219918440788969 -0.704111733482415 -0.0
-0.7198018277118803 -0.706415665212752 -0.0
-0.7176044002640766 -0.7087127270420686 -0.0
-0.7153995831354321 -0.7110028946160223 -0.0
-0.7131873978090465 -0.713286143645929 -0.0
-0.7109678658509755 -0.7155624499090696 -0.0
-0.7087410089100392 -0.717831789248989 -0.0
-0.7065068487176217 -0.7200941375758021 -0.0
-0.7042654070874759 -0.7223494708664919 -0.0
-0.7020167059155227 -0.7245977651652138 -0.0
-0.6997607671796514 -0.7268389965835932 -0.0
-0.6974976129395177 -0.7290731413010284 -0.0
-0.695227265336342 -0.7313001755649876 -0.0
-0.6929497465927036 -0.7335200756913095 -0.0
-0.6906650790123369 -0.7357328180645001 -0.0
-0.6883732849799238 -0.7379383791380327 -0.0
-0.6860743869608882 -0.7401367354346422 -0.0
-0.6837684075011841 -0.7423278635466248 -0.0
-0.6814553692270888 -0.744511740136132 -0.0
-0.6791352948449892 -0.7466883419354652 -0.0
-0.6768082071411701 -0.7488576457473739 -0.0
-0.674474128981601 -0.7510196284453463 -0.0
-0.6721330833117205 -0.7531742669739055 -0.0
-0.6697850931562217 -0.7553215383489011 -0.0
-0.6674301816188323 -0.7574614196578022 -0.0
-0.6650683718820998 -0.759593888059988 -0.0
-0.6626996872071674 -0.7617189207870416 -0.0
-0.6603241509335585 -0.7638364951430369 -0.0
-0.6579417864789487 -0.7659465885048317 -0.0
-0.6555526173389485 -0.7680491783223544 -0.0
-0.6531566670868738 -0.7701442421188945 -0.0
-0.6507539593735246 -0.772231757491389 -0.0
-0.6483445179269542 -0.7743117021107107 -0.0
-0.6459283665522455 -0.7763840537219535 -0.0
-0.6435055291312775 -0.7784487901447199 -0.0
-0.6410760296224982 -0.7805058892734047 -0.0
-0.6386398920606928 -0.7825553290774803 -0.0
-0.6361971405567485 -0.78459708760178 -0.0
-0.633747799297424 -0.7866311429667818 -0.0
-0.6312918925451121 -0.7886574733688909 -0.0
-0.6288294446376044 -0.7906760570807192 -0.0
-0.6263604799878542 -0.7926868724513699 -0.0
-0.6238850230837374 -0.7946898979067143 -0.0
-0.621403098487813 -0.7966851119496743 -0.0
-0.6189147308370833 -0.798672493160498 -0.0
-0.6164199448427493 -0.8006520201970417 -0.0
-0.6139187652899709 -0.8026236717950426 -0.0
-0.6114112170376194 -0.8045874267683997 -0.0
-0.6088973250180347 -0.8065432640094465 -0.0
-0.6063771142367761 -0.8084911624892284 -0.0
-0.6038506097723779 -0.810431101257775 -0.0
-0.6013178367760964 -0.8123630594443745 -0.0
-0.5987788204716631 -0.8142870162578469 -0.0
-0.5962335861550325 -0.816202950986815 -0.0
-0.5936821591941287 -0.8181108429999768 -0.0
-0.5911245650285936 -0.8200106717463741 -0.0
-0.5885608291695306 -0.8219024167556643 -0.0
-0.5859909771992506 -0.8237860576383865 -0.0
-0.5834150347710135 -0.8256615740862331 -0.0
-0.5808330276087719 -0.8275289458723128 -0.0
-0.5782449815069095 -0.8293881528514206 -0.0
-0.5756509223299837 -0.8312391749603006 -0.0
-0.5730508760124624 -0.8330819922179129 -0.0
-0.5704448685584619 -0.8349165847256951 -0.0
-0.5678329260414826 -0.8367429326678275 -0.0
-0.5652150746041468 -0.8385610163114943 -0.0
-0.5625913404579291 -0.8403708160071446 -0.0
-0.5599617498828933 -0.8421723121887535 -0.0
-0.5573263292274201 -0.8439654853740814 -0.0
-0.5546851049079433 -0.8457503161649327 -0.0
-0.552038103408674 -0.847526785247414 -0.0
-0.5493853512813331 -0.8492948733921902 -0.0
-0.5467268751448779 -0.8510545614547416 -0.0
-0.5440627016852275 -0.8528058303756187 -0.0
-0.5413928576549893 -0.8545486611806963 -0.0
-0.5387173698731829 -0.8562830349814274 -0.0
-0.5360362652249636 -0.8580089329750952 -0.0
-0.5333495706613437 -0.8597263364450648 -0.0
-0.5306573131989156 -0.8614352267610341 -0.0
-0.5279595199195686 -0.8631355853792839 -0.0
-0.5252562179702114 -0.8648273938429256 -0.0
-0.5225474345624864 -0.8665106337821502 -0.0
-0.5198331969724903 -0.8681852869144744 -0.0
-0.5171135325404855 -0.8698513350449878 -0.0
-0.5143884686706195 -0.8715087600665965 -0.0
-0.5116580328306339 -0.8731575439602685 -0.0
-0.5089222525515816 -0.8747976687952761 -0.0
-0.5061811554275333 -0.8764291167294387 -0.0
-0.5034347691152926 -0.8780518700093631 -0.0
-0.5006831213341032 -0.8796659109706844 -0.0
-0.4979262398653566 -0.8812712220383062 -0.0
-0.49516415255230173 -0.8828677857266363 -0.0
-0.4923968872997489 -0.8844555846398277 -0.0
-0.48962447207377735 -0.8860346014720103 -0.0
-0.4868469349014372 -0.8876048190075315 -0.0
-0.48406430387045574 -0.889166220121186 -0.0
-0.4812766071289358 -0.8907187877784516 -0.0
-0.4784838728850612 -0.8922625050357206 -0.0
-0.47568612940679367 -0.8937973550405317 -0.0
-0.47288340502157394 -0.8953233210317991 -0.0
-0.47007572811601894 -0.8968403863400434 -0.0
-0.46726312713562057 -0.898348534387618 -0.0
-0.46444563058443933 -0.8998477486889382 -0.0
-0.4616232670248027 -0.9013380128507051 -0.0
-0.45879606507699644 -0.9028193105721325 -0.0
-0.4559640534189606 -0.9042916256451703 -0.0
-0.4531272607859802 -0.9057549419547263 -0.0
-0.4502857159703761 -0.9072092434788908 -0.0
-0.4474394478211974 -0.9086545142891542 -0.0
-0.44458848524390815 -0.9100907385506298 -0.0
-0.44173285720007915 -0.9115179005222692 -0.0
-0.4388725927070718 -0.9129359845570839 -0.0
-0.43600772083772765 -0.9143449751023573 -0.0
-0.43313827072005123 -0.9157448566998643 -0.0
-0.43026427153689834 -0.9171356139860817 -0.0
-0.427385752525655 -0.9185172316924053 -0.0
-0.42450274297792523 -0.9198896946453585 -0.0
-0.42161527223920814 -0.9212529877668068 -0.0
-0.41872336970858287 -0.922607096074163 -0.0
-0.4158270648383853 -0.9239520046806013 -0.0
-0.41292638713388985 -0.9252876987952607 -0.0
-0.41002136615298473 -0.9266141637234538 -0.0
-0.4071120315058525 -0.9279313848668711 -0.0
-0.40419841285464286 -0.9292393477237857 -0.0
-0.4012805399131507 -0.9305380378892563 -0.0
-0.39835844244648994 -0.931827441055329 -0.0
-0.39543215027076545 -0.9331075430112383 -0.0
-0.39250169325274886 -0.9343783296436061 -0.0
-0.3895671013095472 -0.9356397869366415 -0.0
-0.3866284044082764 -0.9368919009723361 -0.0
-0.3836856325657291 -0.9381346579306619 -0.0
-0.38073881584804625 -0.9393680440897649 -0.0
-0.377787984370383 -0.9405920458261607 -0.0
-0.3748331682965788 -0.9418066496149244 -0.0
-0.3718743978388203 -0.9430118420298844 -0.0
-0.36891170325731204 -0.9442076097438113 -0.0
-0.3659451148599359 -0.9453939395286074 -0.0
-0.3629746630019203 -0.9465708182554936 -0.0
-0.3600003780854987 -0.9477382328951977 -0.0
-0.35702229055957635 -0.9488961705181381 -0.0
-0.35404043091938797 -0.9500446182946086 -0.0
-0.3510548297061613 -0.9511835634949616 -0.0
-0.34806551750677606 -0.952312993489789 -0.0
-0.3450725249534215 -0.9534328957501038 -0.0
-0.3420758827232579 -0.9545432578475186 -0.0
-0.33907562153807 -0.9556440674544233 -0.0
-0.33607177216392803 -0.9567353123441623 -0.0
-0.33306436541083956 -0.9578169803912114 -0.0
-0.3300534321324078 -0.9588890595713488 -0.0
-0.32703900322548274 -0.9599515379618314 -0.0
-0.3240211096298181 -0.9610044037415639 -0.0
-0.3209997823277211 -0.9620476451912725 -0.0
-0.31797505234370627 -0.9630812506936699 -0.0
-0.31494695074414514 -0.9641052087336276 -0.0
-0.31191550863691847 -0.9651195078983389 -0.0
-0.30888075717106367 -0.9661241368774874 -0.0
-0.3058427275364267 -0.9671190844634086 -0.0
-0.30280145096330613 -0.9681043395512543 -0.0
-0.29975695872210506 -0.9690798911391542 -0.0
-0.29670928212297487 -0.9700457283283741 -0.0
-0.2936584525154611 -0.9710018403234781 -0.0
-0.2906045012881511 -0.9719482164324839 -0.0
-0.28754745986831526 -0.9728848460670196 -0.0
-0.2844873597215543 -0.9738117187424793 -0.0
-0.28142423235143854 -0.9747288240781763 -0.0
-0.2783581092991546 -0.9756361517974957 -0.0
-0.27528902214314255 -0.9765336917280456 -0.0
-0.27221700249874103 -0.9774214338018071 -0.0
-0.2691420820178238 -0.9782993680552821 -0.0
-0.2660642923884432 -0.9791674846296402 -0.0
-0.26298366533446516 -0.9800257737708663 -0.0
-0.2599002326152111 -0.9808742258299026 -0.0
-0.2568140260250922 -0.9817128312627936 -0.0
-0.2537250773932499 -0.9825415806308269 -0.0
-0.2506334185831881 -0.9833604646006735 -0.0
-0.24753908149241297 -0.9841694739445276 -0.0
-0.2444420980520641 -0.9849685995402441 -0.0
-0.24134250022655215 -0.9857578323714736 -0.0
-0.23824032001319076 -0.9865371635277996 -0.0
-0.23513558944182927 -0.987306584204871 -0.0
-0.23202834057448707 -0.9880660857045334 -0.0
-0.22891860550498294 -0.9888156594349614 -0.0
-0.22580641635856927 -0.9895552969107881 -0.0
-0.22269180529155938 -0.9902849897532319 -0.0
-0.21957480449096106 -0.9910047296902242 -0.0
-0.21645544617410245 -0.991714508556535 -0.0
-0.2133337625882646 -0.9924143182938959 -0.0
-0.21020978601030607 -0.9931041509511236 -0.0
-0.20708354874629412 -0.9937839986842399 -0.0
-0.20395508313112842 -0.9944538537565935 -0.0
-0.20082442152817134 -0.9951137085389754 -0.0
-0.19769159632887004 -0.995763555509739 -0.0
-0.1945566399523859 -0.9964033872549134 -0.0
-0.19141958484521548 -0.9970331964683187 -0.0
-0.1882804634808183 -0.9976529759516778 -0.0
-0.18513930835923953 -0.9982627186147289 -0.0
-0.18199615200673133 -0.9988624174753342 -0.0
-0.17885102697537952 -0.9994520656595892 -0.0
-0.17570396584272166 -1.0000316564019298 -0.0
-0.17255500121137307 -1.000601183045237 -0.0
-0.1694041657086439 -1.0011606390409418 -0.0
-0.16625149198616374 -1.0017100179491278 -0.0
-0.16309701271949834 -1.0022493134386328 -0.0
-0.15994076060777332 -1.0027785192871483 -0.0
-0.156782768373289 -1.0032976293813178 -0.0
-0.15362306876114384 -1.0038066377168344 -0.0
-0.15046169453884864 -1.0043055383985355 -0.0
-0.14729867849594838 -1.004794325640498 -0.0
-0.14413405344363564 -1.0052729937661302 -0.0
-0.14096785221437166 -1.005741537208262 -0.0
-0.1378001076614993 -1.0061999505092376 -0.0
-0.13463085265886185 -1.006648228321 -0.0
-0.13146012010041808 -1.0070863654051814 -0.0
-0.12828794289985573 -1.0075143566331857 -0.0
-0.12511435399020954 -1.0079321969862738 -0.0
-0.12193938632347232 -1.0083398815556461 -0.0
-0.11876307287021248 -1.0087374055425231 -0.0
-0.11558544661918391 -1.0091247642582235 -0.0
-0.11240654057694338 -1.0095019531242457 -0.0
-0.1092263877674593 -1.009868967672341 -0.0
-0.10604502123172799 -1.010225803544589 -0.0
-0.10286247402738219 -1.0105724564934735 -0.0
-0.09967877922830667 -1.0109089223819516 -0.0
-0.09649396992424566 -1.0112351971835272 -0.0
-0.09330807922041764 -1.0115512769823167 -0.0
-0.09012114023712267 -1.0118571579731195 -0.0
-0.08693318610935585 -1.0121528364614831 -0.0
-0.08374424998641442 -1.0124383088637678 -0.0
-0.08055436503151053 -1.0127135717072087 -0.0
-0.07736356442137707 -1.012978621629979 -0.0
-0.07417188134588021 -1.0132334553812499 -0.0
-0.07097934900762656 -1.013478069821247 -0.0
-0.06778600062157031 -1.0137124619213114 -0.0
-0.06459186941462464 -1.0139366287639509 -0.0
-0.06139698862526574 -1.0141505675428975 -0.0
-0.05820139150314452 -1.0143542755631583 -0.0
-0.055005111308689514 -1.0145477502410671 -0.0
-0.0518081813127185 -1.014730989104334 -0.0
-0.048610634796040886 -1.0149039897920922 -0.0
-0.04541250504906827 -1.0150667500549468 -0.0
-0.04221382537141691 -1.0152192677550187 -0.0
-0.03901462907151773 -1.015361540865987 -0.0
-0.035814949466217966 -1.0154935674731331 -0.0
-0.03261481988039072 -1.0156153457733792 -0.0
-0.029414273646536676 -1.0157268740753282 -0.0
-0.026213344104392827 -1.015828150799302 -0.0
-0.023012064600533677 -1.0159191744773752 -0.0
-0.01981046848797932 -1.015999943753411 -0.0
-0.01660858912579838 -1.0160704573830939 -0.0
-0.013406459878711224 -1.0161307142339604 -0.0
-0.010204114116697305 -1.0161807132854297 -0.0
-0.00700158521459518 -1.0162204536288308 -0.0
-0.003798906551710446 -1.0162499344674298 -0.0
-0.000596111511415337 -1.0162691551164558 -0.0
0.002606766519243936 -1.0162781150031226 -0.0
0.005809694149947392 -1.016276813666653 -0.0
0.009012637987494687 -1.0162652507582977 -0.0
0.012215564636205462 -1.0162434260413555 -0.0
0.015418440698312719 -1.0162113393911898 -0.0
0.01862123277436395 -1.016168990795245 -0.0
0.021823907463614428 -1.016116380353061 -0.0
0.025026431364428503 -1.0160535082762865 -0.0
0.028228771074673226 -1.0159803748886886 -0.0
0.03143089319211986 -1.0158969806261655 -0.0
0.03463276431483808 -1.015803326036751 -0.0
0.037834351041595354 -1.0156994117806244 -0.0
0.041035619972255966 -1.0155852386301143 -0.0
0.0442365377081759 -1.0154608074697018 -0.0
0.047437070852604346 -1.0153261192960241 -0.0
0.05063718601107778 -1.015181175217873 -0.0
0.05383684979182243 -1.0150259764561949 -0.0
0.057036028806148026 -1.0148605243440894 -0.0
0.06023468966884982 -1.0146848203268022 -0.0
0.0634327989986031 -1.0144988659617222 -0.0
0.06663032341836522 -1.0143026629183731 -0.0
0.06982722955576962 -1.0140962129784044 -0.0
0.07302348404352832 -1.0138795180355813 -0.0
0.07621905351982605 -1.013652580095774 -0.0
0.07941390462872211 -1.0134154012769416 -0.0
0.0826080040205451 -1.0131679838091199 -0.0
0.08580131835229463 -1.012910330034403 -0.0
0.08899381428803557 -1.0126424424069256 -0.0
0.09218545849930027 -1.012364323492845 -0.0
0.09537621766548299 -1.0120759759703175 -0.0
0.09856605847423941 -1.0117774026294768 -0.0
0.10175494762188593 -1.0114686063724094 -0.0
0.10494285181379442 -1.01114959021313 -0.0
0.10812973776479362 -1.0108203572775518 -0.0
0.11131557219956331 -1.0104809108034605 -0.0
0.1145003218530353 -1.0101312541404808 -0.0
0.11768395347078779 -1.0097713907500458 -0.0
0.1208664338094461 -1.0094013242053643 -0.0
0.12404772963707672 -1.0090210581913845 -0.0
0.12722780773358777 -1.0086305965047566 -0.0
0.13040663489112306 -1.008229943053797 -0.0
0.13358417791446203 -1.0078191018584455 -0.0
0.13676040362141367 -1.0073980770502269 -0.0
0.13993527884321644 -1.0069668728722054 -0.0
0.14310877042493136 -1.0065254936789432 -0.0
0.14628084522584212 -1.0060739439364514 -0.0
0.14945147011984816 -1.0056122282221442 -0.0
0.15262061199586197 -1.0051403512247896 -0.0
0.15578823775820672 -1.0046583177444595 -0.0
0.15895431432700854 -1.0041661326924756 -0.0
0.162118808638596 -1.003663801091358 -0.0
0.16528168764589143 -1.003151328074768 -0.0
0.16844291831881034 -1.0026287188874528 -0.0
0.17160246764465212 -1.0020959788851864 -0.0
0.17476030262849881 -1.0015531135347093 -0.0
0.17791639029360604 -1.001000128413669 -0.0
0.1810706976818007 -1.0004370292105544 -0.0
0.18422319185387165 -0.999863821724634 -0.0
0.18737383988996692 -0.9992805118658871 -0.0
0.19052260888998399 -0.9986871056549392 -0.0
0.19366946597396645 -0.9980836092229908 -0.0
0.1968143782824935 -0.9974700288117467 -0.0
0.19995731297707672 -0.9968463707733463 -0.0
0.20309823724054876 -0.9962126415702863 -0.0
0.20623711827745758 -0.995568847775349 -0.0
0.2093739233144595 -0.9949149960715231 -0.0
0.21250861960070763 -0.9942510932519267 -0.0
0.21564117440824682 -0.9935771462197264 -0.0
0.21877155503240134 -0.9928931619880574 -0.0
0.22189972879216913 -0.9921991476799402 -0.0
0.22502566303060817 -0.9914951105281945 -0.0
0.22814932511523103 -0.9907810578753569 0.0
0.23127068243839005 -0.9900569971735894 0.0
0.23438970241767115 -0.9893229359845939 0.0
0.23750635249627877 -0.9885788819795195 0.0
0.24062060014342834 -0.9878248429388718 0.0
0.2437324128547311 -0.987060826752419 0.0
0.24684175815258544 -0.9862868414190966 0.0
0.24994860358656112 -0.9855028950469119 0.0
0.2530529167337897 -0.9847089958528443 0.0
0.2561546651993486 -0.9839051521627483 0.0
0.2592538166166498 -0.9830913724112493 0.0
0.26235033864782414 -0.982267665141645 0.0
0.26544419898410704 -0.9814340390057971 0.0
0.26853536534622585 -0.9805905027640295 0.0
0.2716238054847812 -0.9797370652850189 0.0
0.27470948718063476 -0.9788737355456874 0.0
0.27779237824528974 -0.9780005226310918 0.0
0.28087244652127813 -0.9771174357343133 0.0
0.2839496598825396 -0.9762244841563433 0.0
0.2870239862348083 -0.9753216773059696 0.0
0.29009539351599056 -0.9744090246996601 0.0
0.29316384969655074 -0.9734865359614452 0.0
0.2962293227798889 -0.9725542208228002 0.0
0.2992917808027242 -0.9716120891225231 0.0
0.3023511918354725 -0.9706601508066138 0.0
0.30540752398262877 -0.9696984159281505 0.0
0.3084607453831434 -0.9687268946471654 0.0
0.31151082421080384 -0.9677455972305171 0.0
0.3145577286746102 -0.9667545340517643 0.0
0.31760142701915367 -0.9657537155910357 0.0
0.3206418875249954 -0.9647431524348999 0.0
0.3236790785090397 -0.9637228552762327 0.0
0.3267129683249139 -0.9626928349140838 0.0
0.3297435253633399 -0.9616531022535422 0.0
0.3327707180525129 -0.9606036683055985 0.0
0.3357945148584723 -0.9595445441870082 0.0
0.33881488428547907 -0.9584757411201523 0.0
0.34183179487638476 -0.9573972704328945 0.0
0.34484521521300904 -0.9563091435584417 0.0
0.3478551139165069 -0.9552113720351989 0.0
0.3508614596477446 -0.9541039675066236 0.0
0.35386422110766624 -0.9529869417210798 0.0
0.35686336703766847 -0.9518603065316902 0.0
0.3598588662199659 -0.9507240738961866 0.0
0.3628506874779641 -0.9495782558767585 0.0
0.36583879967662447 -0.9484228646399013 0.0
0.3688231717228342 -0.9472579124562632 0.0
0.37180377256577385 -0.9460834117004879 0.0
0.3747805711972816 -0.9448993748510621 0.0
0.3777535366522219 -0.9437058144901522 0.0
0.38072263800884776 -0.9425027433034491 0.0
0.3836878443891689 -0.9412901740800068 0.0
0.38664912495931136 -0.9400681197120784 0.0
0.38960644892988516 -0.9388365931949538 0.0
0.3925597855563431 -0.9375956076267956 0.0
0.39550910413934537 -0.9363451762084707 0.0
0.39845437402511885 -0.9350853122433849 0.0
0.4013955646058193 -0.9338160291373109 0.0
0.4043326453198891 -0.9325373403982216 0.0
0.40726558565241877 -0.9312492596361142 0.0
0.4101943551355026 -0.9299518005628401 0.0
0.4131189233485995 -0.9286449769919288 0.0
0.4160392599188864 -0.9273288028384123 0.0
0.4189553345216178 -0.9260032921186472 0.0
0.4218671168804786 -0.9246684589501367 0.0
0.42477457676793984 -0.923324317551351 0.0
0.427677684005614 -0.921970882241544 0.0
0.4305764084646051 -0.9206081674405727 0.0
0.43347072006586485 -0.9192361876687116 0.0
0.4363605887805407 -0.9178549575464681 0.0
0.43924598463033027 -0.9164644917943949 0.0
0.44212687768782777 -0.9150648052329033 0.0
0.4450032380768774 -0.9136559127820715 0.0
0.4478750359729182 -0.9122378294614567 0.0
0.45074224160333476 -0.9108105703898998 0.0
0.45360482524780144 -0.9093741507853348 0.0
0.4564627572386317 -0.9079285859645925 0.0
0.45931600796112015 -0.9064738913432048 0.0
0.46216454785389016 -0.9050100824352072 0.0
0.4650083474092346 -0.9035371748529408 0.0
0.4678473771734619 -0.902055184306851 0.0
0.470681607747235 -0.9005641266052875 0.0
0.4735110097859142 -0.8990640176543021 0.0
0.4763355539998987 -0.8975548734574426 0.0
0.47915521115496273 -0.8960367101155502 0.0
0.4819699520725981 -0.8945095438265515 0.0
0.48477974763034853 -0.8929733908852518 0.0
0.48758456876214973 -0.8914282676831252 0.0
0.49038438645866256 -0.8898741907081056 0.0
0.4931791717676106 -0.8883111765443737 0.0
0.4959688957941126 -0.8867392418721455 0.0
0.49875352970101783 -0.8851584034674579 0.0
0.5015330447092359 -0.8835686782019527 0.0
0.5043074120980722 -0.8819700830426622 0.0
0.5070766032055539 -0.880362635051789 0.0
0.5098405894287646 -0.8787463513864882 0.0
0.5125993422241694 -0.8771212492986474 0.0
0.5153528331079451 -0.8754873461346646 0.0
0.5181010336563062 -0.8738446593352261 0.0
0.5208439155058313 -0.8721932064350828 0.0
0.5235814503537894 -0.8705330050628238 0.0
0.5263136099584615 -0.8688640729406522 0.0
0.5290403661394673 -0.8671864278841548 0.0
0.531761690778084 -0.8655000878020767 0.0
0.5344775558175711 -0.8638050706960876 0.0
0.537187933263488 -0.8621013946605551 0.0
0.5398927951840162 -0.8603890778823086 0.0
0.5425921137102745 -0.858668138640407 0.0
0.5452858610366402 -0.8569385953059051 0.0
0.5479740094210626 -0.8552004663416171 0.0
0.5506565311853804 -0.853453770301878 0.0
0.5533333987156355 -0.8516985258323091 0.0
0.5560045844623872 -0.8499347516695746 0.0
0.5586700609410236 -0.8481624666411436 0.0
0.5613298007320753 -0.8463816896650481 0.0
0.5639837764815231 -0.8445924397496402 0.0
0.5666319609011108 -0.8427947359933463 0.0
0.569274326768651 -0.8409885975844258 0.0
0.5719108469283336 -0.8391740438007218 0.0
0.5745414942910341 -0.8373510940094147 0.0
0.5771662418346151 -0.8355197676667737 0.0
0.5797850626042355 -0.8336800843179081 0.0
0.5823979297126494 -0.8318320635965151 0.0
0.5850048163405123 -0.8299757252246291 0.0
0.5876056957366793 -0.8281110890123694 0.0
0.5902005412185078 -0.8262381748576837 0.0
0.592789326172155 -0.8243570027460962 0.0
0.5953720240528769 -0.8224675927504493 0.0
0.5979486083853253 -0.8205699650306476 0.0
0.6005190527638437 -0.8186641398333986 0.0
0.6030833308527613 -0.8167501374919537 0.0
0.6056414163866896 -0.8148279784258482 0.0
0.608193283170811 -0.8128976831406391 0.0
0.610738905081175 -0.8109592722276431 0.0
0.6132782560649855 -0.8090127663636728 0.0
0.6158113101408909 -0.8070581863107722 0.0
0.6183380413992744 -0.80509555291595 0.0
0.6208584240025383 -0.8031248871109147 0.0
0.6233724321853931 -0.801146209911805 0.0
0.6258800402551402 -0.7991595424189225 0.0
0.628381222591958 -0.7971649058164608 0.0
0.6308759536491824 -0.7951623213722356 0.0
0.6333642079535908 -0.7931518104374119 0.0
0.6358459601056806 -0.7911333944462322 0.0
0.6383211847799506 -0.789107094915741 0.0
0.640789856725178 -0.7870729334455133 0.0
0.6432519507646959 -0.7850309317173743 0.0
0.6457074417966693 -0.782981111495127 0.0
0.6481563047943707 -0.7809234946242704 0.0
0.6505985148064526 -0.778858103031725 0.0
0.6530340469572209 -0.7767849587255484 0.0
0.6554628764469065 -0.7747040837946595 0.0
0.6578849785519341 -0.7726155004085532 0.0
0.6603003286251943 -0.7705192308170192 0.0
0.6627089020963077 -0.7684152973498594 0.0
0.6651106744718951 -0.7663037224166008 0.0
0.6675056213358403 -0.7641845285062141 0.0
0.6698937183495574 -0.762057738186823 0.0
0.6722749412522505 -0.7599233741054211 0.0
0.6746492658611793 -0.7577814589875801 0.0
0.6770166680719172 -0.7556320156371641 0.0
0.6793771238586128 -0.7534750669360365 0.0
0.6817306092742469 -0.7513106358437721 0.0
0.6840771004508915 -0.749138745397363 0.0
0.6864165735999633 -0.746959418710928 0.0
0.6887490050124823 -0.744772678975417 0.0
0.6910743710593201 -0.7425785494583182 0.0
0.6933926481914588 -0.7403770535033625 0.0
0.6957038129402362 -0.738168214530227 0.0
0.6980078419176006 -0.7359520560342381 0.0
0.7003047118163553 -0.7337286015860741 0.0
0.7025943994104098 -0.7314978748314673 0.0
0.704876881555024 -0.7292598994909014 0.0
0.7071521351870538 -0.7270146993593151 0.0
0.7094201373251962 -0.7247622983057979 0.0
0.7116808650702284 -0.7225027202732903 0.0
0.7139342956052537 -0.7202359892782788 0.0
0.7161804061959385 -0.717962129410495 0.0
0.7184191741907524 -0.7156811648326081 0.0
0.7206505770212054 -0.7133931197799223 0.0
0.7228745922020852 -0.7110980185600688 0.0
0.72509119733169 -0.7087958855527011 0.0
0.7273003700920663 -0.7064867452091849 0.0
0.7295020882492369 -0.7041706220522918 0.0
0.7316963296534367 -0.7018475406758886 0.0
0.733883072239339 -0.6995175257446299 0.0
0.7360622940262873 -0.6971806019936431 0.0
0.738233973118521 -0.6948367942282216 0.0
0.7403980877054019 -0.6924861273235108 0.0
0.7425546160616407 -0.690128626224193 0.0
0.7447035365475182 -0.6877643159441779 0.0
0.7468448276091108 -0.6853932215662843 0.0
0.7489784677785086 -0.6830153682419291 0.0
0.7511044356740381 -0.6806307811908066 0.0
0.7532227100004779 -0.6782394857005768 0.0
0.7553332695492795 -0.6758415071265443 0.0
0.7574360931987798 -0.6734368708913433 0.0
0.7595311599144186 -0.6710256024846167 0.0
0.7616184487489496 -0.6686077274626987 0.0
0.7636979388426555 -0.6661832714482928 0.0
0.7657696094235555 -0.6637522601301538 0.0
0.7678334398076184 -0.6613147192627633 0.0
0.7698894093989668 -0.658870674666011 0.0
0.7719374976900881 -0.6564201522248685 0.0
0.7739776842620371 -0.6539631778890693 0.0
0.7760099487846414 -0.6514997776727831 0.0
0.7780342710167056 -0.6490299776542914 0.0
0.7800506308062103 -0.6465538039756622 0.0
0.7820590080905151 -0.6440712828424247 0.0
0.7840593828965559 -0.6415824405232426 0.0
0.7860517353410439 -0.6390873033495863 0.0
0.7880360456306605 -0.6365858977154067 0.0
0.7900122940622545 -0.6340782500768049 0.0
0.7919804610230332 -0.631564386951706 0.0
0.7939405269907581 -0.6290443349195262 0.0
0.7958924725339322 -0.6265181206208467 0.0
0.7978362783119939 -0.6239857707570783 0.0
0.7997719250755013 -0.6214473120901358 0.0
0.8016993936663231 -0.6189027714421007 0.0
0.8036186650178214 -0.6163521756948933 0.0
0.8055297201550385 -0.6137955517899362 0.0
0.8074325401948779 -0.611232926727824 0.0
0.8093271063462878 -0.6086643275679872 0.0
0.8112133999104407 -0.606089781428358 0.0
0.8130914022809126 -0.6035093154850373 0.0
0.8149610949438609 -0.6009229569719546 0.0
0.8168224594781998 -0.5983307331805374 0.0
0.8186754775557783 -0.5957326714593705 0.0
0.8205201309415497 -0.5931287992138607 0.0
0.8223564014937474 -0.5905191439058984 0.0
0.8241842711640545 -0.5879037330535213 0.0
0.8260037219977733 -0.5852825942305723 0.0
0.8278147361339943 -0.5826557550663644 0.0
0.8296172958057625 -0.5800232432453378 0.0
0.8314113833402436 -0.5773850865067234 0.0
0.8331969811588885 -0.5747413126441981 0.0
0.8349740717775943 -0.572091949505548 0.0
0.8367426378068686 -0.5694370249923232 0.0
0.8385026619519881 -0.5667765670595001 0.0
0.840254127013157 -0.564110603715135 0.0
0.8419970158856662 -0.5614391630200246 0.0
0.8437313115600471 -0.5587622730873614 0.0
0.845456997122229 -0.5560799620823897 0.0
0.8471740557536899 -0.5533922582220634 0.0
0.8488824707316108 -0.5506991897746998 0.0
0.8505822254290245 -0.5480007850596362 0.0
0.8522733033149669 -0.5452970724468833 0.0
0.8539556879546217 -0.5425880803567817 0.0
0.8556293630094716 -0.5398738372596539 0.0
0.8572943122374389 -0.5371543716754597 0.0
0.8589505194930327 -0.5344297121734473 0.0
0.8605979687274893 -0.53169988737181 0.0
0.8622366439889146 -0.5289649259373339 0.0
0.863866529422423 -0.5262248565850551 0.0
0.8654876092702768 -0.5234797080779074 0.0
0.8670998678720216 -0.5207295092263776 0.0
0.8687032896646236 -0.5179742888881523 0.0
0.8702978591826033 -0.5152140759677739 0.0
0.871883561058167 -0.5124488994162876 0.0
0.8734603800213414 -0.5096787882308922 0.0
0.8750283009001005 -0.5069037714545918 0.0
0.8765873086204972 -0.5041238781758419 0.0
0.878137388206788 -0.5013391375282047 0.0
0.8796785247815613 -0.49854957868999084 0.0
0.8812107035658612 -0.4957552308839144 0.0
0.8827339098793104 -0.4929561233767369 0.0
0.8842481291402335 -0.4901522854789196 0.0
0.8857533468657763 -0.4873437465442674 0.0
0.8872495486720242 -0.48453053596957985 0.0
0.8887367202741232 -0.4817126831942958 0.0
0.8902148474863929 -0.4788902177001436 0.0
0.8916839162224439 -0.4760631690107849 0.0
0.8931439124952902 -0.4732315666914642 0.0
0.8945948224174625 -0.470395440348653 0.0
0.8960366322011188 -0.46755481962969636 0.0
0.8974693281581534 -0.46470973422246287 0.0
0.8988928967003056 -0.46186021385498327 0.0
0.9003073243392682 -0.4590062882951014 0.0
0.9017125976867892 -0.45614798735011997 0.0
0.9031087034547802 -0.45328534086644146 0.0
0.9044956284554165 -0.45041837872921686 0.0
0.9058733596012395 -0.44754713086198794 0.0
0.9072418839052554 -0.44467162722633624 0.0
0.9086011884810358 -0.4417918978215216 0.0
0.9099512605428144 -0.4389079726841306 0.0
0.9112920874055824 -0.43601988188771884 0.0
0.9126236564851828 -0.4331276555424577 0.0
0.9139459552984046 -0.4302313237947739 0.0
0.9152589714630744 -0.427330916826996 0.0
0.9165626926981468 -0.4244264648569968 0.0
0.9178571068237922 -0.4215179981378399 0.0
0.919142201761487 -0.4186055469574179 0.0
0.9204179655340987 -0.4156891416380981 0.0
0.9216843862659702 -0.4127688125363683 0.0
0.9229414521830047 -0.4098445900424743 0.0
0.9241891516127478 -0.4069165045800667 0.0
0.9254274729844679 -0.4039845866058415 0.0
0.9266564048292357 -0.40104886660918637 0.0
0.9278759357800037 -0.39810937511181826 0.0
0.9290860545716818 -0.3951661426674289 0.0
0.9302867500412141 -0.3922191998613265 0.0
0.9314780111276499 -0.38926857731007947 0.0
0.9326598268722217 -0.38631430566115643 0.0
0.9338321864184118 -0.3833564155925696 0.0
0.934995079012026 -0.38039493781251627 0.0
0.9361484940012594 -0.3774299030590243 0.0
0.9372924208367661 -0.3744613420995887 0.0
0.938426849071724 -0.3714892857308176 0.0
0.9395517683619012 -0.36851376477807274 0.0
0.9406671684657156 -0.36553481009511407 0.0
0.9417730392443017 -0.36255245256373714 0.0
0.9428693706615682 -0.3595667230934181 0.0
0.9439561527842579 -0.35657765262095753 0.0
0.9450333757820069 -0.35358527211011737 0.0
0.9461010299273994 -0.3505896125512669 0.0
0.9471591055960248 -0.34759070496102296 0.0
0.9482075932665299 -0.3445885803818941 0.0
0.9492464835206735 -0.3415832698819191 0.0
0.9502757670433769 -0.3385748045543123 0.0
0.9512954346227731 -0.33556321551710266 0.0
0.9523054771502556 -0.3325485339127807 0.0
0.9533058856205278 -0.32953079090793497 0.0
0.9542966511316462 -0.32651001769289756 0.0
0.9552777648850675 -0.3234862454813855 0.0
0.9562492181856896 -0.3204595055101449 0.0
0.9572110024418952 -0.3174298290385901 0.0
0.9581631091655923 -0.3143972473484484 0.0
0.959105529972254 -0.31136179174340134 0.0
0.9600382565809543 -0.30832349354873 0.0
0.960961280814408 -0.3052823841109541 0.0
0.9618745945990045 -0.3022384947974759 0.0
0.9627781899648411 -0.2991918569962264 0.0
0.9636720590457579 -0.29614250211530335 0.0
0.9645561940793675 -0.2930904615826171 0.0
0.965430587407086 -0.2900357668455326 0.0
0.9662952314741619 -0.2869784493705164 0.0
0.9671501188297033 -0.28391854064277444 0.0
0.9679952421267044 -0.2808560721658995 0.0
0.9688305941220712 -0.2777910754615129 0.0
0.9696561676766424 -0.274723582068912 0.0
0.9704719557552163 -0.27165362354470923 0.0
0.9712779514265677 -0.26858123146247914 0.0
0.9720741478634705 -0.26550643741240176 0.0
0.9728605383427134 -0.26242927300090974 0.0
0.9736371162451207 -0.2593497698503283 0.0
0.9744038750555651 -0.2562679595985229 0.0
0.9751608083629838 -0.2531838738985458 0.0
0.9759079098603916 -0.25009754441827736 0.0
0.9766451733448925 -0.2470090028400737 0.0
0.9773725927176922 -0.2439182808604113 0.0
0.9780901619841043 -0.24082541018953574 0.0
0.9787978752535624 -0.23773042255110277 0.0
0.9794957267396242 -0.23463334968182767 0.0
0.9801837107599783 -0.23153422333112986 0.0
0.9808618217364489 -0.22843307526078319 0.0
0.9815300541949981 -0.2253299372445573 0.0
0.9821884027657286 -0.22222484106786816 0.0
0.9828368621828845 -0.21911781852742365 0.0
0.9834754272848487 -0.2160089014308744 0.0
0.9841040930141437 -0.21289812159645627 0.0
0.9847228544174274 -0.20978551085264188 0.0
0.9853317066454879 -0.20667110103778719 0.0
0.9859306449532379 -0.20355492399978306 0.0
0.9865196646997102 -0.20043701159569907 0.0
0.9870987613480465 -0.1973173956914352 0.0
0.9876679304654896 -0.1941961081613731 0.0
0.9882271677233725 -0.1910731808880212 0.0
0.9887764688971062 -0.18794864576166728 0.0
0.9893158298661682 -0.18482253468002746 0.0
0.989845246614085 -0.1816948795478994 0.0
0.99036471522842 -0.17856571227680793 0.0
0.9908742319007545 -0.17543506478466012 0.0
0.9913737929266706 -0.17230296899539368 0.0
0.9918633947057315 -0.16916945683863285 0.0
0.9923430337414615 -0.16603456024933486 0.0
0.9928127066413241 -0.16289831116744521 0.0
0.9932724101166995 -0.15976074153754893 0.0
0.9937221409828588 -0.15662188330852658 0.0
0.9941618961589421 -0.15348176843320238 0.0
0.9945916726679281 -0.15034042886800095 0.0
0.99501146763661 -0.14719789657259946 0.0
0.9954212782955623 -0.1440542035095853 0.0
0.9958211019791157 -0.1409093816441056 0.0
0.9962109361253222 -0.13776346294352415 0.0
0.9965907782759234 -0.1346164793770796 0.0
0.9969606260763177 -0.1314684629155358 0.0
0.9973204772755248 -0.12831944553084107 0.0
0.9976703297261492 -0.12516945919578276 0.0
0.9980101813843436 -0.12201853588364756 0.0
0.9983400303097704 -0.11886670756787313 0.0
0.9986598746655619 -0.11571400622170896 0.0
0.9989697127182798 -0.1125604638178728 0.0
0.9992695428378727 -0.10940611232821182 0.0
0.9995593634976332 -0.10625098372335628 0.0
0.9998391732741548 -0.10309510997238214 0.0
1.0001089708472846 -0.09993852304246811 0.0
1.0003687550000775 -0.09678125489855963 0.0
1.0006185246187487 -0.09362333750302329 0.0
1.0008582786926252 -0.09046480281531044 0.0
1.001088016314094 -0.08730568279162043 0.0
1.001307736678553 -0.08414600938455713 0.0
1.0015174390843573 -0.08098581454279441 0.0
1.0017171229327664 -0.07782513021073592 0.0
1.0019067877278887 -0.07466398832818247 0.0
1.0020864330766275 -0.07150242082998903 0.0
1.0022560586886213 -0.0683404596457321 0.0
1.0024156643761895 -0.06517813669937222 0.0
1.0025652500542699 -0.062015483908921865 0.0
1.0027048157403597 -0.05885253318610473 0.0
1.0028343615544553 -0.05568931643602534 0.0
1.0029538877189876 -0.052525865556832696 0.0
1.00306339455876 -0.049362212439390235 0.0
1.0031628825008831 -0.046198388966937454 0.0
1.0032523520747096 -0.0430344270147604 0.0
1.0033318039117662 -0.03987035844985812 0.0
1.0034012387456859 -0.03670621513061381 0.0
1.0034606574121394 -0.033542028906459076 0.0
1.003510060848765 -0.03037783161754465 0.0
1.0035494500950968 -0.027213655094413758 0.0
1.0035788262924918 -0.02404953115766656 0.0
1.0035981906840583 -0.0208854916176342 0.0
1.003607544614579 -0.01772156827404836 0.0
1.0036068895304373 -0.014557792915716655 0.0
1.0035962269795395 -0.011394197320189287 0.0
1.0035755586112374 -0.008230813253435304 0.0
1.00354488617625 -0.0050676724695140896 0.0
1.0035042115265818 -0.0019048067102526711 0.0
1.0034535366154447 0.0012577522950855402 0.0
1.0033928634971732 0.004419972830122132 0.0
1.0033221943271424 0.007581823191690262 0.0
1.003241531361686 0.010743271690155654 0.0
1.0031508769580066 0.013904286649744801 0.0
1.0030502335740936 0.01706483640886519 0.0
1.0029396037686344 0.020224889320429373 0.0
1.0028189902009255 0.02338441375217329 0.0
1.0026883956307844 0.02654337808698326 0.0
1.0025478229184588 0.029701750723214126 0.0
1.0023972750245345 0.03285950007500685 0.0
1.0022367550098448 0.036016594572613914 0.0
1.002066266035375 0.03917300266271467 0.0
1.0018858113621694 0.04232869280873597 0.0
1.0016953943512357 0.04548363349116663 0.0
1.0014950184634477 0.04863779320788039 0.0
1.0012846872594494 0.0517911404744493 0.0
1.0010644043995545 0.0549436438244616 0.0
1.0008341736436497 0.058095271809834426 0.0
1.0005939988510908 0.06124599300113387 0.0
1.000343883980605 0.06439577598788651 0.0
1.000083833090185 0.06754458937889488 0.0
0.999813850336989 0.07069240180254757 0.0
0.9995339399772329 0.07383918190713712 0.0
0.9992441063660882 0.07698489836117012 0.0
0.9989443539575736 0.08012951985367572 0.0
0.9986346873044477 0.08327301509452206 0.0
0.998315111058102 0.08641535281472348 0.0
0.9979856299684509 0.08955650176675192 0.0
0.9976462488838218 0.09269643072484232 0.0
0.9972969727508433 0.09583510848530716 0.0
0.9969378066143344 0.09897250386684035 0.0
0.99656875561719 0.10210858571082672 0.0
0.9961898250002683 0.1052433228816449 0.0
0.995801020102275 0.10837668426697905 0.0
0.9954023463596479 0.11150863877812077 0.0
0.9949938093064392 0.11463915535027545 0.0
0.9945754145742002 0.11776820294286333 0.0
0.9941471678918596 0.12089575053982812 0.0
0.9937090750856057 0.12402176714993646 0.0
0.993261142078766 0.12714622180708224 0.0
0.9928033748916855 0.13026908357058434 0.0
0.9923357796416039 0.13339032152549316 0.0
0.9918583625425331 0.13650990478288846 0.0
0.9913711299051333 0.1396278024801761 0.0
0.990874088136587 0.14274398378139264 0.0
0.9903672437404739 0.14585841787750023 0.0
0.9898506033166438 0.14897107398668594 0.0
0.9893241735610895 0.15208192135465545 0.0
0.9887879612658177 0.15519092925493477 0.0
0.988241973318719 0.1582980669891623 0.0
0.9876862167034389 0.161403303887386 0.0
0.9871206984992458 0.16450660930835387 0.0
0.9865454258808992 0.16760795263981332 0.0
0.985960406118516 0.17070730329880052 0.0
0.9853656465774385 0.17380463073193467 0.0
0.9847611547180982 0.17689990441570608 0.0
0.9841469380958802 0.17999309385677248 0.0
0.9835230043609883 0.18308416859224602 0.0
0.9828893612583063 0.18617309818998445 0.0
0.9822460166272606 0.1892598522488766 0.0
0.9815929784016822 0.19234440039913625 0.0
0.9809302546096647 0.1954267123025865 0.0
0.9802578533734265 0.19850675765294465 0.0
0.9795757829091672 0.20158450617611326 0.0
0.9788840515269268 0.20465992763046215 0.0
0.9781826676304416 0.20773299180711513 0.0
0.9774716397170016 0.21080366853023041 0.0
0.976750976377305 0.21387192765728952 0.0
0.9760206862953128 0.21693773907937605 0.0
0.9752807782481023 0.22000107272145966 0.0
0.9745312611057215 0.2230618985426739 0.0
0.9737721438310392 0.2261201865366017 0.0
0.9730034354795977 0.2291759067315521 0.0
0.9722251451994629 0.2322290291908409 0.0
0.9714372822310743 0.23527952401306534 0.0
0.9706398559070933 0.23832736133238752 0.0
0.9698328756522524 0.24137251131880824 0.0
0.9690163509832024 0.24441494417844112 0.0
0.968190291508358 0.24745463015379282 0.0
0.9673547069277451 0.25049153952403475 0.0
0.9665096070328449 0.2535256426052786 0.0
0.9656550017064396 0.25655690975084633 0.0
0.9647909009224542 0.25958531135154794 0.0
0.9639173147458006 0.2626108178359499 0.0
0.9630342533322185 0.26563339967064775 0.0
0.96214172692812 0.2686530273605336 0.0
0.9612397458704252 0.2716696714490702 0.0
0.9603283205864064 0.27468330251855716 0.0
0.9594074615935246 0.2776938911904001 0.0
0.9584771794992705 0.2807014081253754 0.0
0.9575374850009987 0.28370582402390154 0.0
0.9565883888857672 0.28670710962630136 0.0
0.9556299020301737 0.28970523571306994 0.0
0.9546620354001906 0.29270017310513446 0.0
0.9536848000509982 0.2956918926641239 0.0
0.9526982071268221 0.2986803652926289 0.0
0.9517022678607635 0.3016655619344617 0.0
0.9506969935746348 0.30464745357492257 0.0
0.949682395678788 0.3076260112410567 0.0
0.9486584856719497 0.3106012060019169 0.0
0.9476252751410498 0.31357300896881773 0.0
0.9465827757610522 0.316541391295601 0.0
0.9455309992947823 0.31950632417888797 0.0
0.9444699575927584 0.3224677788583395 0.0
0.9433996625930181 0.32542572661690805 0.0
0.9423201263209448 0.32838013878109823 0.0
0.9412313608890956 0.33133098672121797 0.0
0.9401333784970266 0.33427824185163424 0.0
0.9390261914311194 0.33722187563102257 0.0
0.9379098120644028 0.34016185956262424 0.0
0.9367842528563805 0.34309816519449493 0.0
0.9356495263528504 0.34603076411975653 0.0
0.9345056451857318 0.3489596279768444 0.0
0.9333526220728833 0.35188472844976093 0.0
0.9321904698179261 0.35480603726832205 0.0
0.9310192013100653 0.3577235262084021 0.0
0.9298388295239091 0.36063716709218563 0.0
0.9286493675192877 0.36354693178841035 0.0
0.927450828441073 0.36645279221261406 0.0
0.9262432255189987 0.36935472032737626 0.0
0.9250265720674739 0.3722526881425656 0.0
0.9238008814854034 0.3751466677155817 0.0
0.9225661672560026 0.3780366311515968 0.0
0.9213224429466144 0.3809225506037953 0.0
0.9200697222085233 0.38380439827361895 0.0
0.9188080187767707 0.3866821464110033 0.0
0.9175373464699684 0.38955576731461855 0.0
0.9162577191901133 0.39242523333210444 0.0
0.9149691509223992 0.3952905168603129 0.0
0.9136716557350282 0.39815159034554215 0.0
0.9123652477790252 0.4010084262837702 0.0
0.911049941288046 0.40386099722089475 0.0
0.90972575057819 0.40670927575296467 0.0
0.9083926900478088 0.4095532345264148 0.0
0.9070507741773167 0.41239284623829564 0.0
0.9057000175289993 0.4152280836365103 0.0
0.9043404347468207 0.41805891952004226 0.0
0.9029720405562327 0.42088532673918744 0.0
0.9015948497639822 0.4237072781957808 0.0
0.9002088772579163 0.42652474684342956 0.0
0.8988141380067896 0.4293377056877386 0.0
0.8974106470600689 0.4321461277865387 0.0
0.8959984195477403 0.43494998625010994 0.0
0.8945774706801108 0.43774925424141253 0.0
0.8931478157476149 0.4405439049763083 0.0
0.8917094701206156 0.4433339117237855 0.0
0.8902624492492106 0.44611924780618034 0.0
0.8888067686630311 0.44889988659940283 0.0
0.8873424439710461 0.45167580153315745 0.0
0.8858694908613639 0.45444696609116 0.0
0.8843879251010309 0.45721335381136385 0.0
0.8828977625358344 0.45997493828617536 0.0
0.8813990190901011 0.4627316931626741 0.0
0.8798917107664975 0.46548359214282725 0.0
0.8783758536458272 0.4682306089837111 0.0
0.8768514638868313 0.47097271749772446 0.0
0.8753185577259841 0.47370989155280485 0.0
0.8737771514772937 0.4764421050726404 0.0
0.872227261532096 0.47916933203688794 0.0
0.8706689043588525 0.4818915464813829 0.0
0.8691020965029452 0.4846087224983524 0.0
0.8675268545864755 0.4873208342366243 0.0
0.865943195308055 0.49002785590184184 0.0
0.8643511354426023 0.4927297617566697 0.0
0.8627506918411376 0.4954265261210059 0.0
0.8611418814305757 0.4981181233721847 0.0
0.8595247212135189 0.5008045279451905 0.0
0.85789922826805 0.5034857143328607 0.0
0.8562654197475267 0.5061616570860896 0.0
0.8546233128803702 0.5088323308140377 0.0
0.8529729249698582 0.5114977101843327 0.0
0.851314273393917 0.5141577699232742 0.0
0.8496473756049114 0.5168124848160335 0.0
0.8479722491294337 0.5194618297068592 0.0
0.846288911568095 0.5221057794992754 0.0
0.8445973805953142 0.5247443091562833 0.0
0.8428976739591075 0.5273773937005576 0.0
0.841189809480875 0.5300050082146486 0.0
0.8394738050551906 0.5326271278411777 0.0
0.8377496786495893 0.5352437277830356 0.0
0.836017448304355 0.5378547833035753 0.0
0.8342771321323059 0.540460269726811 0.0
0.8325287483185816 0.5430601624376121 0.0
0.8307723151204315 0.5456544368818929 0.0
0.8290078508669969 0.5482430685668104 0.0
0.8272353739590981 0.5508260330609538 0.0
0.8254549028690196 0.5534033059945371 0.0
0.8236664561402947 0.5559748630595861 0.0
0.821870052387489 0.5585406800101327 0.0
0.820065710295984 0.5611007326624009 0.0
0.8182534486217611 0.5636549968949962 0.0
0.816433286191186 0.5662034486490901 0.0
0.8146052419007886 0.5687460639286107 0.0
0.8127693347170475 0.5712828188004254 0.0
0.81092558367617 0.5738136893945273 0.0
0.8090740078838774 0.5763386519042164 0.0
0.8072146265151814 0.5788576825862869 0.0
0.8053474588141686 0.5813707577612071 0.0
0.8034725240937794 0.5838778538133022 0.0
0.80158984173559 0.5863789471909324 0.0
0.7996994311895896 0.5888740144066775 0.0
0.7978013119739614 0.5913630320375131 0.0
0.7958955036748634 0.5938459767249885 0.0
0.7939820259462042 0.5963228251754071 0.0
0.792060898509423 0.5987935541600011 0.0
0.7901321411532677 0.6012581405151087 0.0
0.7881957737335747 0.6037165611423474 0.0
0.7862518161730432 0.6061687930087913 0.0
0.7843002884610137 0.6086148131471437 0.0
0.7823412106532457 0.6110545986559094 0.0
0.7803746028716945 0.6134881266995657 0.0
0.7784004853042862 0.615915374508737 0.0
0.7764188782046938 0.6183363193803628 0.0
0.7744298018921142 0.6207509386778691 0.0
0.772433276751044 0.623159209831334 0.0
0.7704293232310516 0.6255611103376602 0.0
0.7684179618465555 0.6279566177607399 0.0
0.7663992131765955 0.630345709731622 0.0
0.7643730978646113 0.6327283639486763 0.0
0.7623396366182121 0.6351045581777617 0.0
0.7602988502089519 0.6374742702523881 0.0
0.7582507594721051 0.6398374780738791 0.0
0.7561953853064362 0.6421941596115376 0.0
0.7541327486739732 0.6445442929028045 0.0
0.7520628705997824 0.6468878560534227 0.0
0.7499857721717402 0.6492248272375936 0.0
0.7479014745403026 0.6515551846981404 0.0
0.7458099989182795 0.6538789067466652 0.0
0.7437113665806042 0.6561959717637069 0.0
0.7416055988641089 0.6585063581988972 0.0
0.7394927171672898 0.6608100445711196 0.0
0.737372742950082 0.663107009468663 0.0
0.7352456977336281 0.6653972315493776 0.0
0.7331116031000507 0.6676806895408267 0.0
0.7309704806922195 0.6699573622404433 0.0
0.7288223522135219 0.672227228515681 0.0
0.7266672394276354 0.6744902673041638 0.0
0.7245051641582928 0.6767464576138407 0.0
0.7223361482890531 0.6789957785231326 0.0
0.7201602137630707 0.681238209181085 0.0
0.7179773825828644 0.6834737288075114 0.0
0.7157876768100839 0.6857023166931472 0.0
0.7135911185652797 0.6879239521997923 0.0
0.7113877300276695 0.6901386147604605 0.0
0.7091775334349093 0.6923462838795214 0.0
0.7069605510828558 0.6945469391328478 0.0
0.7047368053253379 0.6967405601679608 0.0
0.7025063185739212 0.6989271267041699 0.0
0.7002691132976779 0.7011066185327155 0.0
0.6980252120229501 0.7032790155169146 0.0
0.6957746373331178 0.7054442975922968 0.0
0.6935174118683651 0.7076024447667485 0.0
0.6912535583254478 0.7097534371206479 0.0
0.6889830994574562 0.7118972548070079 0.0
0.6867060580735824 0.7140338780516127 0.0
0.6844224570388876 0.716163287153152 0.0
0.6821323192740638 0.7182854624833613 0.0
0.679835667755202 0.7204003844871562 0.0
0.6775325255135543 0.7225080336827658 0.0
0.6752229156353031 0.7246083906618679 0.0
0.6729068612613206 0.7267014360897222 0.0
0.6705843855869367 0.728787150705303 0.0
0.6682555118617008 0.7308655153214318 0.0
0.6659202633891497 0.7329365108249051 0.0
0.6635786635265669 0.7350001181766282 0.0
0.6612307356847492 0.737056318411744 0.0
0.6588765033277684 0.7391050926397607 0.0
0.656515989972739 0.7411464220446791 0.0
0.6541492191895748 0.7431802878851228 0.0
0.6517762146007577 0.7452066714944622 0.0
0.649396999881097 0.7472255542809417 0.0
0.647011598757496 0.7492369177278033 0.0
0.6446200350087105 0.7512407433934122 0.0
0.6422223324651126 0.7532370129113807 0.0
0.6398185150084563 0.755225707990688 0.0
0.6374086065716348 0.7572068104158065 0.0
0.6349926311384457 0.7591803020468209 0.0
0.632570612743351 0.7611461648195479 0.0
0.6301425754712424 0.7631043807456575 0.0
0.6277085434571984 0.7650549319127916 0.0
0.6252685408862486 0.7669978004846832 0.0
0.622822591993134 0.7689329687012734 0.0
0.6203707210620706 0.7708604188788257 0.0
0.6179129524265068 0.7727801334100483 0.0
0.6154493104688876 0.7746920947642029 0.0
0.6129798196204123 0.7765962854872247 0.0
0.6105045043608005 0.7784926882018319 0.0
0.6080233892180471 0.7803812856076426 0.0
0.6055364987681854 0.7822620604812855 0.0
0.6030438576350493 0.7841349956765113 0.0
0.6005454904900301 0.7860000741243054 0.0
0.5980414220518386 0.7878572788329965 0.0
0.5955316770862648 0.7897065928883682 0.0
0.5930162804059398 0.7915479994537646 0.0
0.5904952568700925 0.7933814817702024 0.0
0.5879686313843114 0.7952070231564754 0.0
0.5854364289003029 0.7970246070092639 0.0
0.5828986744156546 0.7988342168032364 0.0
0.5803553929735897 0.8006358360911603 0.0
0.5778066096627296 0.8024294485040021 0.0
0.5752523496168513 0.804215037751034 0.0
0.5726926380146505 0.8059925876199346 0.0
0.5701275000794964 0.8077620819768943 0.0
0.5675569610791921 0.8095235047667145 0.0
0.5649810463257338 0.8112768400129104 0.0
0.5623997811750718 0.8130220718178086 0.0
0.5598131910268658 0.8147591843626505 0.0
0.5572213013242443 0.8164881619076891 0.0
0.5546241375535672 0.8182089887922853 0.0
0.5520217252441788 0.8199216494350094 0.0
0.5494140899681699 0.8216261283337358 0.0
0.546801257340134 0.8233224100657385 0.0
0.5441832530169299 0.8250104792877863 0.0
0.5415601026974346 0.8266903207362397 0.0
0.5389318321223047 0.8283619192271432 0.0
0.5362984670737331 0.8300252596563182 0.0
0.5336600333752104 0.8316803269994566 0.0
0.531016556891278 0.8333271063122117 0.0
0.5283680635272898 0.8349655827302909 0.0
0.5257145792291684 0.8365957414695454 0.0
0.5230561299831648 0.8382175678260577 0.0
0.5203927418156136 0.8398310471762355 0.0
0.517724440792693 0.8414361649768959 0.0
0.5150512530201806 0.8430329067653561 0.0
0.512373204643215 0.8446212581595173 0.0
0.5096903218460477 0.8462012048579536 0.0
0.5070026308518045 0.8477727326399979 0.0
0.504310157922244 0.8493358273658241 0.0
0.5016129293575111 0.8508904749765346 0.0
0.4989109714958979 0.8524366614942422 0.0
0.4962043107135988 0.8539743730221538 0.0
0.49349297342447135 0.8555035957446507 0.0
0.49077698607978937 0.8570243159273736 0.0
0.48805637516800293 0.858536519917301 0.0
0.4853311672144936 0.8600401941428298 0.0
0.4826013887813363 0.8615353251138556 0.0
0.47986706646705 0.863021899421851 0.0
0.47712822690635986 0.864499903739944 0.0
0.47438489676995144 0.8659693248229964 0.0
0.4716371027642318 0.8674301495076783 0.0
0.4688848716310815 0.8688823647125475 0.0
0.4661282301476142 0.8703259574381224 0.0
0.4633672051259362 0.871760914766958 0.0
0.46060182341289857 0.8731872238637206 0.0
0.4578321118898576 0.8746048719752604 0.0
0.45505809747243026 0.8760138464306854 0.0
0.45227980711025395 0.8774141346414317 0.0
0.44949726778673915 0.8788057241013377 0.0
0.4467105065188297 0.8801886023867136 0.0
0.44391955035675745 0.8815627571564117 0.0
0.44112442638380356 0.8829281761518954 0.0
0.43832516171604974 0.8842848471973098 0.0
0.43552178350213844 0.8856327581995486 0.0
0.43271431892302914 0.8869718971483228 0.0
0.4299027951917569 0.8883022521162258 0.0
0.42708723955318617 0.8896238112588029 0.0
0.42426767928377 0.8909365628146138 0.0
0.4214441416913054 0.8922404951052996 0.0
0.4186166541146935 0.8935355965356458 0.0
0.4157852439236921 0.8948218555936485 0.0
0.41294993851867456 0.8960992608505742 0.0
0.4101107653303895 0.897367800961025 0.0
0.4072677518197123 0.8986274646629988 0.0
0.40442092547740627 0.8998782407779516 0.0
0.40157031382387726 0.9011201182108578 0.0
0.3987159444089336 0.9023530859502686 0.0
0.3958578448115396 0.9035771330683738 0.0
0.39299604263957416 0.9047922487210585 0.0
0.3901305655295872 0.9059984221479626 0.0
0.3872614411465594 0.9071956426725356 0.0
0.384388697183655 0.9083838997020974 0.0
0.3815123613619811 0.9095631827278904 0.0
0.3786324614303441 0.910733481325138 0.0
0.3757490251650099 0.9118947851530971 0.0
0.372862080369455 0.9130470839551134 0.0
0.36997165487412853 0.9141903675586758 0.0
0.3670777765362069 0.9153246258754685 0.0
0.3641804732393539 0.9164498489014223 0.0
0.361279772893474 0.9175660267167687 0.0
0.35837570343447117 0.9186731494860897 0.0
0.355468292824009 0.9197712074583674 0.0
0.3525575690492626 0.9208601909670351 0.0
0.3496435601226803 0.9219400904300272 0.0
0.3467262940817377 0.9230108963498265 0.0
0.3438057989886999 0.9240725993135118 0.0
0.3408821029303729 0.9251251899928068 0.0
0.3379552340178651 0.9261686591441266 0.0
0.33502522038634197 0.9272029976086231 0.0
0.33209209019478814 0.928228196312231 0.0
0.3291558716257593 0.9292442462657122 0.0
0.32621659288514326 0.9302511385647017 0.0
0.3232742822019158 0.9312488643897501 0.0
0.3203289678279015 0.9322374150063664 0.0
0.3173806780375267 0.9332167817650612 0.0
0.3144294411275796 0.9341869561013895 0.0
0.3114752854169709 0.9351479295359899 0.0
0.30851823924648536 0.9360996936746268 0.0
0.30555833097854496 0.9370422402082307 0.0
0.30259558899696304 0.9379755609129369 0.0
0.29963004170670704 0.9388996476501245 0.0
0.2966617175336511 0.9398144923664549 0.0
0.2936906449243369 0.9407200870939101 0.0
0.2907168523457307 0.9416164239498295 0.0
0.2877403682849846 0.9425034951369452 0.0
0.28476122124918957 0.94338129294342 0.0
0.281779439765137 0.9442498097428815 0.0
0.27879505237907554 0.945109037994457 0.0
0.2758080876564726 0.9459589702428077 0.0
0.2728185741817676 0.946799599118163 0.0
0.26982654055813393 0.9476309173363521 0.0
0.26683201540723567 0.9484529176988381 0.0
0.2638350273689894 0.9492655930927475 0.0
0.2608356051013179 0.9500689364909044 0.0
0.2578337772799111 0.9508629409518587 0.0
0.2548295725979876 0.9516475996199174 0.0
0.25182301976604804 0.9524229057251736 0.0
0.24881414751163755 0.9531888525835356 0.0
0.2458029845791026 0.9539454335967558 0.0
0.24278955972935376 0.9546926422524568 0.0
0.2397739017396195 0.9554304721241604 0.0
0.23675603940320789 0.9561589168713132 0.0
0.23373600152926516 0.9568779702393133 0.0
0.23071381694253779 0.9575876260595346 0.0
0.22768951448312608 0.9582878782493525 0.0
0.22466312300624786 0.9589787208121687 0.0
0.22163467138199539 0.9596601478374341 0.0
0.2186041884950984 0.960332153500672 0.0
0.2155717032446787 0.9609947320635005 0.0
0.21253724454401293 0.9616478778736558 0.0
0.2095008413202903 0.9622915853650124 0.0
0.20646252251437613 0.9629258490576038 0.0
0.2034223170805663 0.9635506635576444 0.0
0.20038025398634932 0.9641660235575474 0.0
0.1973363622121693 0.9647719238359453 0.0
0.19429067075118062 0.9653683592577075 0.0
0.19124320860901103 0.9659553247739602 0.0
0.1881940048035207 0.9665328154221013 0.0
0.18514308836456525 0.9671008263258192 0.0
0.18209048833375113 0.967659352695109 0.0
0.17903623376419936 0.9682083898262881 0.0
0.1759803537203041 0.9687479331020108 0.0
0.17292287727749675 0.9692779779912837 0.0
0.16986383352200113 0.9697985200494808 0.0
0.16680325155059766 0.970309554918355 0.0
0.16374116047038229 0.9708110783260531 0.0
0.16067758939853072 0.9713030860871269 0.0
0.15761256746205404 0.9717855741025461 0.0
0.15454612379756255 0.9722585383597094 0.0
0.15147828755102866 0.9727219749324552 0.0
0.14840908787754373 0.9731758799810717 0.0
0.14533855394108164 0.973620249752308 0.0
0.14226671491425932 0.9740550805793813 0.0
0.13919359997810074 0.9744803688819869 0.0
0.1361192383217933 0.9748961111663061 0.0
0.1330436591424534 0.9753023040250135 0.0
0.1299668916448852 0.9756989441372849 0.0
0.12688896504134659 0.9760860282688015 0.0
0.12380990855130514 0.9764635532717589 0.0
0.1207297514012041 0.9768315160848712 0.0
0.11764852282422153 0.9771899137333748 0.0
0.11456625206003662 0.9775387433290335 0.0
0.11148296835458602 0.9778780020701434 0.0
0.10839870095982984 0.9782076872415345 0.0
0.10531347913351166 0.9785277962145743 0.0
0.10222733213892485 0.9788383264471702 0.0
0.09914028924466922 0.9791392754837694 0.0
0.09605237972441658 0.9794306409553634 0.0
0.0929636328566755 0.9797124205794846 0.0
0.0898740779245491 0.979984612160209 0.0
0.08678374421550095 0.9802472135881551 0.0
0.0836926610211163 0.9805002228404828 0.0
0.0806008576368687 0.9807436379808909 0.0
0.07750836336187716 0.9809774571596166 0.0
0.07441520749867339 0.9812016786134323 0.0
0.0713214193529628 0.9814163006656422 0.0
0.06822702823339158 0.9816213217260779 0.0
0.06513206345130443 0.9818167402910966 0.0
0.06203655432051186 0.9820025549435732 0.0
0.05894053015705156 0.9821787643528982 0.0
0.05584402027895621 0.982345367274969 0.0
0.052747054006011235 0.9825023625521858 0.0
0.04964966065952228 0.9826497491134439 0.0
0.046551869562077824 0.9827875259741258 0.0
0.0434537100373161 0.9829156922360951 0.0
0.040355211409684094 0.9830342470876856 0.0
0.03725640300420452 0.9831431898036948 0.0
0.03415731414624262 0.9832425197453726 0.0
0.03105797416126513 0.9833322363604126 0.0
0.027958412374608416 0.9834123391829411 0.0
0.02485865811124119 0.983482827833506 0.0
0.02175874069553274 0.9835437020190657 0.0
0.018658689451012178 0.9835949615329767 0.0
0.015558533700137073 0.9836366062549806 0.0
0.012458302764056461 0.9836686361511927 0.0
0.009358025962379474 0.9836910512740865 0.0
0.006257732612934858 0.9837038517624809 0.0
0.003157452031540331 0.9837070378415247 0.0
5.72135317654654e-05 0.9837006098226821 0.0
-0.003042953575298879 0.983684568103717 0.0
-0.006143019981280723 0.9836589131686769 0.0
-0.009242956380758366 0.9836236455878752 0.0
-0.012342733471492395 0.9835787660178759 0.0
-0.015442321954664884 0.9835242752014743 0.0
-0.01854169253511026 0.9834601739676799 0.0
-0.02164081592155065 0.983386463231696 0.0
-0.024739662826826853 0.9833031439949035 0.0
-0.02783820396813691 0.9832102173448377 0.0
-0.03093641006726669 0.9831076844551713 0.0
-0.034034251850824815 0.9829955465856902 0.0
-0.037131700050473226 0.9828738050822766 0.0
-0.04022872540316544 0.9827424613768819 0.0
-0.043325298651376465 0.98260151698751 0.0
-0.04642139054333788 0.9824509735181899 0.0
-0.04951697183326731 0.9822908326589556 0.0
-0.05261201328160689 0.9821210961858209 0.0
-0.0557064856552523 0.9819417659607546 0.0
-0.05880035972778774 0.9817528439316574 0.0
-0.06189360627971499 0.9815543321323351 0.0
-0.06498619609869116 0.9813462326824737 0.0
-0.0680780999797588 0.981128547787612 0.0
-0.07116928872557546 0.980901279739117 0.0
-0.07425973314665144 0.9806644309141537 0.0
-0.07734940406157825 0.9804180037756596 0.0
-0.08043827229726283 0.9801620008723152 0.0
-0.08352630868915559 0.9798964248385152 0.0
-0.08661348408148806 0.9796212783943415 0.0
-0.08969976932750062 0.9793365643455283 0.0
-0.09278513528967658 0.9790422855834373 0.0
-0.09586955283996966 0.9787384450850235 0.0
-0.09895299286004104 0.9784250459128055 0.0
-0.10203542624148737 0.9781020912148328 0.0
-0.1051168238860733 0.9777695842246532 0.0
-0.1081971567059598 0.9774275282612822 0.0
-0.1112763956239399 0.9770759267291667 0.0
-0.11435451157366641 0.9767147831181526 0.0
-0.11743147549988463 0.9763441010034514 0.0
-0.12050725835865932 0.9759638840456042 0.0
-0.1235818311176108 0.9755741359904461 0.0
-0.1266551647561429 0.9751748606690719 0.0
-0.12972723026567048 0.9747660619977987 0.0
-0.13279799864985542 0.9743477439781295 0.0
-0.13586744092483288 0.9739199106967154 0.0
-0.13893552811944365 0.9734825663253186 0.0
-0.14200223127546013 0.9730357151207736 0.0
-0.14506752144782217 0.9725793614249495 0.0
-0.14813136970486243 0.9721135096647081 0.0
-0.15119374712853878 0.9716381643518678 0.0
-0.15425462481465968 0.9711533300831605 0.0
-0.1573139738731193 0.9706590115401927 0.0
-0.16037176542812306 0.970155213489402 0.0
-0.16342797061841902 0.9696419407820183 0.0
-0.1664825605975232 0.9691191983540197 0.0
-0.16953550653395397 0.9685869912260898 0.0
-0.17258677961145835 0.968045324503575 0.0
-0.17563635102923833 0.9674942033764415 0.0
-0.17868419200218466 0.9669336331192298 0.0
-0.18173027376110193 0.9663636190910099 0.0
-0.18477456755293897 0.9657841667353381 0.0
-0.1878170446410137 0.965195281580209 0.0
-0.19085767630524653 0.9645969692380115 0.0
-0.19389643384238503 0.9639892354054796 0.0
-0.1969332885662339 0.9633720858636474 0.0
-0.19996821180787933 0.9627455264778016 0.0
-0.20300117491592196 0.9621095631974315 0.0
-0.20603214925670113 0.9614642020561815 0.0
-0.20906110621452462 0.9608094491718028 0.0
-0.21208801719189188 0.960145310746102 0.0
-0.21511285360972757 0.959471793064893 0.0
-0.21813558690760432 0.9587889024979439 0.0
-0.2211561885439727 0.9580966454989293 0.0
-0.22417462999638402 0.9573950286053754 0.0
-0.22719088276172275 0.9566840584386103 0.0
-0.23020491835643075 0.9559637417037103 0.0
-0.23321670831673133 0.9552340851894473 0.0
-0.23622622419886105 0.9544950957682351 0.0
